6.962748705356636947e+02 5.000000000000000000e+02
6.963375202001251409e+02 5.120000000000000000e+02
6.964001688867488156e+02 4.880000000000000000e+02
6.964628165955347185e+02 4.980000000000000000e+02
6.965254633264829636e+02 5.100000000000000000e+02
6.965881090795935506e+02 4.970000000000000000e+02
6.966507538548662524e+02 5.070000000000000000e+02
6.967133976523014098e+02 5.170000000000000000e+02
6.967760404718986820e+02 5.220000000000000000e+02
6.968386823136582962e+02 5.160000000000000000e+02
6.969013231775802524e+02 5.000000000000000000e+02
6.969639630636643233e+02 5.060000000000000000e+02
6.970266019719108499e+02 5.040000000000000000e+02
6.970892399023194912e+02 4.920000000000000000e+02
6.971518768548904745e+02 5.090000000000000000e+02
6.972145128296237999e+02 4.990000000000000000e+02
6.972771478265193537e+02 4.920000000000000000e+02
6.973397818455771358e+02 4.980000000000000000e+02
6.974024148867972599e+02 5.010000000000000000e+02
6.974650469501796124e+02 5.020000000000000000e+02
6.975276780357243069e+02 4.990000000000000000e+02
6.975903081434312298e+02 4.940000000000000000e+02
6.976529372733003811e+02 4.980000000000000000e+02
6.977155654253318744e+02 4.960000000000000000e+02
6.977781925995255961e+02 5.000000000000000000e+02
6.978408187958816598e+02 4.990000000000000000e+02
6.979034440143999518e+02 5.020000000000000000e+02
6.979660682550805859e+02 5.010000000000000000e+02
6.980286915179234484e+02 5.250000000000000000e+02
6.980913138029285392e+02 5.080000000000000000e+02
6.981539351100959720e+02 4.900000000000000000e+02
6.982165554394256333e+02 5.060000000000000000e+02
6.982791747909176365e+02 4.900000000000000000e+02
6.983417931645718681e+02 5.040000000000000000e+02
6.984044105603883281e+02 4.970000000000000000e+02
6.984670269783671301e+02 5.150000000000000000e+02
6.985296424185082742e+02 5.060000000000000000e+02
6.985922568808115329e+02 5.020000000000000000e+02
6.986548703652771337e+02 5.060000000000000000e+02
6.987174828719050765e+02 5.180000000000000000e+02
6.987800944006952477e+02 4.990000000000000000e+02
6.988427049516476472e+02 5.320000000000000000e+02
6.989053145247623888e+02 5.060000000000000000e+02
6.989679231200393588e+02 4.970000000000000000e+02
6.990305307374786707e+02 4.950000000000000000e+02
6.990931373770802111e+02 5.240000000000000000e+02
6.991557430388440935e+02 4.920000000000000000e+02
6.992183477227702042e+02 5.050000000000000000e+02
6.992809514288585433e+02 4.920000000000000000e+02
6.993435541571092244e+02 5.040000000000000000e+02
6.994061559075221339e+02 5.010000000000000000e+02
6.994687566800972718e+02 5.010000000000000000e+02
6.995313564748347517e+02 5.040000000000000000e+02
6.995939552917345736e+02 4.980000000000000000e+02
6.996565531307966239e+02 4.840000000000000000e+02
6.997191499920209026e+02 4.900000000000000000e+02
6.997817458754075233e+02 4.970000000000000000e+02
6.998443407809563723e+02 5.080000000000000000e+02
6.999069347086674497e+02 4.870000000000000000e+02
6.999695276585408692e+02 4.910000000000000000e+02
7.000321196305766307e+02 5.090000000000000000e+02
7.000947106247745069e+02 5.270000000000000000e+02
7.001573006411347251e+02 5.040000000000000000e+02
7.002198896796572853e+02 4.980000000000000000e+02
7.002824777403420740e+02 4.960000000000000000e+02
7.003450648231892046e+02 5.010000000000000000e+02
7.004076509281984499e+02 5.140000000000000000e+02
7.004702360553701510e+02 5.100000000000000000e+02
7.005328202047039667e+02 5.070000000000000000e+02
7.005954033762002382e+02 4.960000000000000000e+02
7.006579855698586243e+02 5.190000000000000000e+02
7.007205667856793525e+02 4.950000000000000000e+02
7.007831470236623090e+02 4.970000000000000000e+02
7.008457262838076076e+02 4.960000000000000000e+02
7.009083045661151345e+02 4.990000000000000000e+02
7.009708818705850035e+02 4.880000000000000000e+02
7.010334581972171009e+02 5.040000000000000000e+02
7.010960335460115402e+02 4.980000000000000000e+02
7.011586079169682080e+02 4.950000000000000000e+02
7.012211813100871041e+02 4.860000000000000000e+02
7.012837537253683422e+02 4.960000000000000000e+02
7.013463251628118087e+02 5.260000000000000000e+02
7.014088956224175035e+02 5.090000000000000000e+02
7.014714651041855404e+02 5.090000000000000000e+02
7.015340336081159194e+02 5.030000000000000000e+02
7.015966011342084130e+02 5.060000000000000000e+02
7.016591676824633623e+02 4.910000000000000000e+02
7.017217332528804263e+02 5.000000000000000000e+02
7.017842978454598324e+02 4.950000000000000000e+02
7.018468614602015805e+02 5.180000000000000000e+02
7.019094240971055569e+02 5.250000000000000000e+02
7.019719857561717618e+02 5.110000000000000000e+02
7.020345464374003086e+02 4.990000000000000000e+02
7.020971061407910838e+02 5.130000000000000000e+02
7.021596648663442011e+02 5.080000000000000000e+02
7.022222226140595467e+02 5.070000000000000000e+02
7.022847793839371207e+02 4.900000000000000000e+02
7.023473351759770367e+02 4.820000000000000000e+02
7.024098899901791810e+02 5.300000000000000000e+02
7.024724438265436675e+02 5.110000000000000000e+02
7.025349966850703822e+02 4.890000000000000000e+02
7.025975485657594390e+02 5.030000000000000000e+02
7.026600994686107242e+02 5.060000000000000000e+02
7.027226493936242377e+02 4.960000000000000000e+02
7.027851983408000933e+02 4.940000000000000000e+02
7.028477463101381773e+02 5.030000000000000000e+02
7.029102933016386032e+02 5.110000000000000000e+02
7.029728393153012576e+02 5.000000000000000000e+02
7.030353843511261402e+02 5.090000000000000000e+02
7.030979284091133650e+02 5.170000000000000000e+02
7.031604714892628181e+02 5.030000000000000000e+02
7.032230135915746132e+02 5.200000000000000000e+02
7.032855547160486367e+02 5.140000000000000000e+02
7.033480948626850022e+02 5.180000000000000000e+02
7.034106340314835961e+02 5.050000000000000000e+02
7.034731722224444184e+02 5.090000000000000000e+02
7.035357094355675827e+02 5.160000000000000000e+02
7.035982456708529753e+02 5.190000000000000000e+02
7.036607809283007100e+02 5.100000000000000000e+02
7.037233152079106731e+02 5.240000000000000000e+02
7.037858485096828645e+02 5.050000000000000000e+02
7.038483808336173979e+02 5.250000000000000000e+02
7.039109121797141597e+02 5.160000000000000000e+02
7.039734425479732636e+02 5.170000000000000000e+02
7.040359719383945958e+02 5.220000000000000000e+02
7.040985003509782700e+02 5.220000000000000000e+02
7.041610277857241726e+02 5.110000000000000000e+02
7.042235542426323036e+02 5.110000000000000000e+02
7.042860797217027766e+02 5.130000000000000000e+02
7.043486042229354780e+02 5.170000000000000000e+02
7.044111277463305214e+02 5.260000000000000000e+02
7.044736502918877932e+02 5.150000000000000000e+02
7.045361718596072933e+02 5.110000000000000000e+02
7.045986924494891355e+02 5.170000000000000000e+02
7.046612120615333197e+02 5.040000000000000000e+02
7.047237306957396186e+02 5.060000000000000000e+02
7.047862483521083732e+02 5.160000000000000000e+02
7.048487650306392425e+02 5.040000000000000000e+02
7.049112807313324538e+02 5.280000000000000000e+02
7.049737954541880072e+02 4.810000000000000000e+02
7.050363091992057889e+02 5.100000000000000000e+02
7.050988219663857990e+02 5.260000000000000000e+02
7.051613337557281511e+02 5.190000000000000000e+02
7.052238445672327316e+02 5.260000000000000000e+02
7.052863544008995405e+02 5.270000000000000000e+02
7.053488632567286913e+02 5.000000000000000000e+02
7.054113711347200706e+02 5.120000000000000000e+02
7.054738780348737919e+02 5.040000000000000000e+02
7.055363839571897415e+02 5.490000000000000000e+02
7.055988889016680332e+02 5.160000000000000000e+02
7.056613928683085533e+02 5.270000000000000000e+02
7.057238958571114154e+02 5.410000000000000000e+02
7.057863978680763921e+02 5.260000000000000000e+02
7.058488989012038246e+02 5.200000000000000000e+02
7.059113989564933718e+02 5.330000000000000000e+02
7.059738980339453747e+02 5.430000000000000000e+02
7.060363961335594922e+02 5.210000000000000000e+02
7.060988932553359518e+02 5.360000000000000000e+02
7.061613893992746398e+02 5.430000000000000000e+02
7.062238845653756698e+02 5.420000000000000000e+02
7.062863787536389282e+02 5.280000000000000000e+02
7.063488719640645286e+02 5.510000000000000000e+02
7.064113641966523574e+02 5.610000000000000000e+02
7.064738554514025282e+02 5.610000000000000000e+02
7.065363457283149273e+02 5.610000000000000000e+02
7.065988350273895549e+02 5.630000000000000000e+02
7.066613233486265244e+02 5.500000000000000000e+02
7.067238106920257223e+02 5.630000000000000000e+02
7.067862970575871486e+02 5.560000000000000000e+02
7.068487824453109170e+02 5.620000000000000000e+02
7.069112668551970273e+02 5.900000000000000000e+02
7.069737502872453661e+02 5.810000000000000000e+02
7.070362327414559331e+02 5.740000000000000000e+02
7.070987142178288423e+02 5.870000000000000000e+02
7.071611947163639798e+02 5.720000000000000000e+02
7.072236742370613456e+02 5.820000000000000000e+02
7.072861527799210535e+02 5.710000000000000000e+02
7.073486303449429897e+02 5.490000000000000000e+02
7.074111069321272680e+02 5.670000000000000000e+02
7.074735825414737747e+02 5.710000000000000000e+02
7.075360571729826233e+02 5.610000000000000000e+02
7.075985308266537004e+02 5.680000000000000000e+02
7.076610035024870058e+02 5.520000000000000000e+02
7.077234752004826532e+02 5.550000000000000000e+02
7.077859459206406427e+02 5.520000000000000000e+02
7.078484156629607469e+02 5.420000000000000000e+02
7.079108844274431931e+02 5.610000000000000000e+02
7.079733522140879813e+02 5.430000000000000000e+02
7.080358190228949979e+02 5.330000000000000000e+02
7.080982848538642429e+02 5.370000000000000000e+02
7.081607497069958299e+02 5.340000000000000000e+02
7.082232135822896453e+02 5.420000000000000000e+02
7.082856764797458027e+02 5.550000000000000000e+02
7.083481383993641884e+02 5.630000000000000000e+02
7.084105993411448026e+02 5.480000000000000000e+02
7.084730593050877587e+02 5.340000000000000000e+02
7.085355182911929433e+02 5.290000000000000000e+02
7.085979762994604698e+02 5.480000000000000000e+02
7.086604333298902247e+02 5.540000000000000000e+02
7.087228893824823217e+02 5.710000000000000000e+02
7.087853444572366470e+02 5.750000000000000000e+02
7.088477985541532007e+02 5.870000000000000000e+02
7.089102516732320964e+02 6.320000000000000000e+02
7.089727038144732205e+02 6.210000000000000000e+02
7.090351549778766866e+02 6.250000000000000000e+02
7.090976051634423811e+02 6.400000000000000000e+02
7.091600543711703040e+02 6.400000000000000000e+02
7.092225026010605688e+02 6.590000000000000000e+02
7.092849498531131758e+02 6.320000000000000000e+02
7.093473961273278974e+02 6.090000000000000000e+02
7.094098414237050747e+02 6.010000000000000000e+02
7.094722857422443667e+02 5.800000000000000000e+02
7.095347290829460007e+02 5.680000000000000000e+02
7.095971714458099768e+02 5.780000000000000000e+02
7.096596128308360676e+02 5.540000000000000000e+02
7.097220532380246141e+02 5.400000000000000000e+02
7.097844926673752752e+02 5.300000000000000000e+02
7.098469311188882784e+02 5.470000000000000000e+02
7.099093685925636237e+02 5.240000000000000000e+02
7.099718050884011973e+02 5.350000000000000000e+02
7.100342406064009992e+02 5.280000000000000000e+02
7.100966751465631432e+02 5.280000000000000000e+02
7.101591087088875156e+02 5.510000000000000000e+02
7.102215412933742300e+02 5.120000000000000000e+02
7.102839729000231728e+02 5.150000000000000000e+02
7.103464035288343439e+02 5.330000000000000000e+02
7.104088331798078571e+02 5.190000000000000000e+02
7.104712618529435986e+02 5.100000000000000000e+02
7.105336895482416821e+02 5.140000000000000000e+02
7.105961162657019941e+02 5.360000000000000000e+02
7.106585420053246480e+02 5.320000000000000000e+02
7.107209667671095303e+02 5.170000000000000000e+02
7.107833905510566410e+02 5.130000000000000000e+02
7.108458133571660937e+02 5.080000000000000000e+02
7.109082351854377748e+02 5.100000000000000000e+02
7.109706560358717979e+02 5.050000000000000000e+02
7.110330759084680494e+02 5.260000000000000000e+02
7.110954948032265293e+02 5.230000000000000000e+02
7.111579127201473511e+02 5.140000000000000000e+02
7.112203296592304014e+02 5.290000000000000000e+02
7.112827456204757937e+02 5.210000000000000000e+02
7.113451606038834143e+02 5.260000000000000000e+02
7.114075746094533770e+02 5.220000000000000000e+02
7.114699876371855680e+02 5.450000000000000000e+02
7.115323996870799874e+02 5.430000000000000000e+02
7.115948107591367489e+02 5.520000000000000000e+02
7.116572208533557387e+02 5.480000000000000000e+02
7.117196299697370705e+02 5.250000000000000000e+02
7.117820381082806307e+02 5.600000000000000000e+02
7.118444452689864193e+02 5.500000000000000000e+02
7.119068514518545499e+02 5.660000000000000000e+02
7.119692566568850225e+02 5.800000000000000000e+02
7.120316608840776098e+02 5.860000000000000000e+02
7.120940641334325392e+02 5.620000000000000000e+02
7.121564664049498106e+02 5.780000000000000000e+02
7.122188676986293103e+02 5.920000000000000000e+02
7.122812680144710384e+02 5.850000000000000000e+02
7.123436673524751086e+02 5.760000000000000000e+02
7.124060657126415208e+02 5.760000000000000000e+02
7.124684630949700477e+02 6.010000000000000000e+02
7.125308594994609166e+02 5.980000000000000000e+02
7.125932549261141276e+02 5.930000000000000000e+02
7.126556493749295669e+02 5.970000000000000000e+02
7.127180428459072346e+02 5.730000000000000000e+02
7.127804353390472443e+02 5.920000000000000000e+02
7.128428268543494823e+02 5.810000000000000000e+02
7.129052173918140625e+02 5.790000000000000000e+02
7.129676069514408709e+02 5.770000000000000000e+02
7.130299955332299078e+02 5.420000000000000000e+02
7.130923831371812867e+02 5.370000000000000000e+02
7.131547697632948939e+02 5.400000000000000000e+02
7.132171554115708432e+02 5.190000000000000000e+02
7.132795400820090208e+02 5.260000000000000000e+02
7.133419237746095405e+02 5.340000000000000000e+02
7.134043064893722885e+02 5.250000000000000000e+02
7.134666882262972649e+02 5.040000000000000000e+02
7.135290689853845834e+02 5.190000000000000000e+02
7.135914487666341302e+02 5.190000000000000000e+02
7.136538275700460190e+02 5.250000000000000000e+02
7.137162053956201362e+02 5.110000000000000000e+02
7.137785822433564817e+02 5.210000000000000000e+02
7.138409581132551693e+02 5.400000000000000000e+02
7.139033330053160853e+02 5.160000000000000000e+02
7.139657069195393433e+02 5.060000000000000000e+02
7.140280798559248296e+02 5.120000000000000000e+02
7.140904518144726580e+02 5.230000000000000000e+02
7.141528227951827148e+02 5.140000000000000000e+02
7.142151927980549999e+02 5.230000000000000000e+02
7.142775618230896271e+02 5.210000000000000000e+02
7.143399298702864826e+02 5.170000000000000000e+02
7.144022969396456801e+02 5.250000000000000000e+02
7.144646630311671061e+02 5.210000000000000000e+02
7.145270281448507603e+02 5.060000000000000000e+02
7.145893922806967566e+02 5.190000000000000000e+02
7.146517554387050950e+02 5.110000000000000000e+02
7.147141176188755480e+02 5.220000000000000000e+02
7.147764788212084568e+02 5.250000000000000000e+02
7.148388390457034802e+02 5.080000000000000000e+02
7.149011982923608457e+02 5.200000000000000000e+02
7.149635565611804395e+02 5.120000000000000000e+02
7.150259138521623754e+02 5.120000000000000000e+02
7.150882701653066533e+02 5.000000000000000000e+02
7.151506255006130459e+02 5.060000000000000000e+02
7.152129798580817805e+02 4.910000000000000000e+02
7.152753332377128572e+02 5.010000000000000000e+02
7.153376856395061623e+02 5.140000000000000000e+02
7.154000370634616957e+02 5.190000000000000000e+02
7.154623875095795711e+02 5.120000000000000000e+02
7.155247369778596749e+02 5.040000000000000000e+02
7.155870854683021207e+02 5.190000000000000000e+02
7.156494329809067949e+02 5.120000000000000000e+02
7.157117795156736975e+02 5.220000000000000000e+02
7.157741250726029421e+02 4.950000000000000000e+02
7.158364696516944150e+02 5.110000000000000000e+02
7.158988132529482300e+02 5.080000000000000000e+02
7.159611558763642734e+02 5.250000000000000000e+02
7.160234975219426588e+02 5.210000000000000000e+02
7.160858381896832725e+02 5.090000000000000000e+02
7.161481778795861146e+02 5.180000000000000000e+02
7.162105165916512988e+02 5.290000000000000000e+02
7.162728543258787113e+02 5.410000000000000000e+02
7.163351910822684658e+02 5.150000000000000000e+02
7.163975268608204487e+02 5.240000000000000000e+02
7.164598616615346600e+02 5.240000000000000000e+02
7.165221954844112133e+02 5.200000000000000000e+02
7.165845283294499950e+02 5.250000000000000000e+02
7.166468601966511187e+02 5.140000000000000000e+02
7.167091910860144708e+02 5.250000000000000000e+02
7.167715209975401649e+02 5.250000000000000000e+02
7.168338499312280874e+02 5.030000000000000000e+02
7.168961778870782382e+02 5.150000000000000000e+02
7.169585048650907311e+02 5.110000000000000000e+02
7.170208308652654523e+02 5.220000000000000000e+02
7.170831558876025156e+02 5.180000000000000000e+02
7.171454799321018072e+02 5.330000000000000000e+02
7.172078029987634409e+02 5.260000000000000000e+02
7.172701250875871892e+02 5.000000000000000000e+02
7.173324461985733933e+02 5.160000000000000000e+02
7.173947663317218257e+02 5.070000000000000000e+02
7.174570854870324865e+02 5.170000000000000000e+02
7.175194036645053757e+02 5.380000000000000000e+02
7.175817208641406069e+02 5.310000000000000000e+02
7.176440370859381801e+02 5.180000000000000000e+02
7.177063523298979817e+02 5.060000000000000000e+02
7.177686665960200116e+02 5.220000000000000000e+02
7.178309798843042699e+02 5.090000000000000000e+02
7.178932921947509840e+02 5.230000000000000000e+02
7.179556035273598127e+02 5.200000000000000000e+02
7.180179138821309834e+02 5.470000000000000000e+02
7.180802232590643825e+02 5.150000000000000000e+02
7.181425316581601237e+02 5.300000000000000000e+02
7.182048390794180932e+02 5.200000000000000000e+02
7.182671455228384048e+02 5.100000000000000000e+02
7.183294509884209447e+02 4.960000000000000000e+02
7.183917554761658266e+02 5.210000000000000000e+02
7.184540589860728232e+02 5.160000000000000000e+02
7.185163615181422756e+02 5.100000000000000000e+02
7.185786630723738426e+02 5.090000000000000000e+02
7.186409636487678654e+02 5.140000000000000000e+02
7.187032632473240028e+02 5.240000000000000000e+02
7.187655618680424823e+02 5.030000000000000000e+02
7.188278595109231901e+02 5.300000000000000000e+02
7.188901561759662400e+02 5.080000000000000000e+02
7.189524518631715182e+02 5.290000000000000000e+02
7.190147465725391385e+02 5.210000000000000000e+02
7.190770403040689871e+02 5.290000000000000000e+02
7.191393330577611778e+02 4.960000000000000000e+02
7.192016248336154831e+02 5.130000000000000000e+02
7.192639156316322442e+02 5.070000000000000000e+02
7.193262054518111199e+02 5.060000000000000000e+02
7.193884942941524514e+02 5.110000000000000000e+02
7.194507821586558975e+02 5.200000000000000000e+02
7.195130690453216857e+02 5.220000000000000000e+02
7.195753549541498160e+02 4.930000000000000000e+02
7.196376398851400609e+02 5.270000000000000000e+02
7.196999238382927615e+02 5.280000000000000000e+02
7.197622068136075768e+02 5.350000000000000000e+02
7.198244888110847342e+02 5.460000000000000000e+02
7.198867698307242335e+02 5.410000000000000000e+02
7.199490498725259613e+02 5.180000000000000000e+02
7.200113289364899174e+02 5.250000000000000000e+02
7.200736070226162155e+02 5.200000000000000000e+02
7.201358841309047421e+02 5.240000000000000000e+02
7.201981602613556106e+02 5.100000000000000000e+02
7.202604354139687075e+02 5.100000000000000000e+02
7.203227095887440328e+02 5.190000000000000000e+02
7.203849827856817001e+02 5.200000000000000000e+02
7.204472550047815957e+02 5.190000000000000000e+02
7.205095262460438335e+02 5.190000000000000000e+02
7.205717965094682995e+02 5.050000000000000000e+02
7.206340657950549939e+02 5.240000000000000000e+02
7.206963341028040304e+02 5.340000000000000000e+02
7.207586014327154089e+02 5.280000000000000000e+02
7.208208677847890158e+02 5.320000000000000000e+02
7.208831331590248510e+02 5.220000000000000000e+02
7.209453975554229146e+02 5.250000000000000000e+02
7.210076609739833202e+02 5.270000000000000000e+02
7.210699234147060679e+02 5.320000000000000000e+02
7.211321848775910439e+02 5.460000000000000000e+02
7.211944453626382483e+02 5.240000000000000000e+02
7.212567048698477947e+02 5.270000000000000000e+02
7.213189633992195695e+02 5.160000000000000000e+02
7.213812209507535727e+02 5.160000000000000000e+02
7.214434775244499178e+02 5.120000000000000000e+02
7.215057331203086051e+02 5.140000000000000000e+02
7.215679877383295207e+02 5.450000000000000000e+02
7.216302413785126646e+02 5.600000000000000000e+02
7.216924940408580369e+02 5.060000000000000000e+02
7.217547457253658649e+02 5.530000000000000000e+02
7.218169964320358076e+02 5.240000000000000000e+02
7.218792461608680924e+02 5.300000000000000000e+02
7.219414949118626055e+02 5.270000000000000000e+02
7.220037426850194606e+02 5.130000000000000000e+02
7.220659894803385441e+02 5.490000000000000000e+02
7.221282352978199697e+02 5.320000000000000000e+02
7.221904801374636236e+02 5.400000000000000000e+02
7.222527239992695058e+02 5.150000000000000000e+02
7.223149668832377301e+02 5.370000000000000000e+02
7.223772087893681828e+02 5.180000000000000000e+02
7.224394497176609775e+02 5.330000000000000000e+02
7.225016896681160006e+02 5.200000000000000000e+02
7.225639286407332520e+02 5.510000000000000000e+02
7.226261666355128455e+02 5.250000000000000000e+02
7.226884036524547810e+02 5.340000000000000000e+02
7.227506396915588311e+02 5.170000000000000000e+02
7.228128747528253371e+02 5.430000000000000000e+02
7.228751088362539576e+02 5.110000000000000000e+02
7.229373419418449203e+02 5.180000000000000000e+02
7.229995740695982249e+02 5.370000000000000000e+02
7.230618052195136443e+02 5.240000000000000000e+02
7.231240353915915193e+02 5.370000000000000000e+02
7.231862645858315091e+02 5.180000000000000000e+02
7.232484928022339545e+02 5.370000000000000000e+02
7.233107200407985147e+02 5.180000000000000000e+02
7.233729463015254169e+02 5.300000000000000000e+02
7.234351715844145474e+02 5.070000000000000000e+02
7.234973958894660200e+02 5.200000000000000000e+02
7.235596192166797209e+02 5.260000000000000000e+02
7.236218415660557639e+02 5.070000000000000000e+02
7.236840629375940352e+02 5.260000000000000000e+02
7.237462833312945349e+02 5.090000000000000000e+02
7.238085027471573767e+02 5.300000000000000000e+02
7.238707211851825605e+02 5.400000000000000000e+02
7.239329386453698589e+02 5.280000000000000000e+02
7.239951551277194994e+02 5.210000000000000000e+02
7.240573706322314820e+02 5.270000000000000000e+02
7.241195851589056929e+02 5.360000000000000000e+02
7.241817987077421321e+02 5.200000000000000000e+02
7.242440112787409134e+02 5.190000000000000000e+02
7.243062228719019231e+02 5.140000000000000000e+02
7.243684334872252748e+02 5.190000000000000000e+02
7.244306431247108549e+02 5.350000000000000000e+02
7.244928517843587770e+02 5.270000000000000000e+02
7.245550594661688137e+02 5.120000000000000000e+02
7.246172661701413062e+02 5.110000000000000000e+02
7.246794718962760271e+02 5.170000000000000000e+02
7.247416766445729763e+02 5.350000000000000000e+02
7.248038804150321539e+02 5.130000000000000000e+02
7.248660832076536735e+02 5.330000000000000000e+02
7.249282850224375352e+02 5.190000000000000000e+02
7.249904858593836252e+02 5.130000000000000000e+02
7.250526857184919436e+02 5.220000000000000000e+02
7.251148845997624903e+02 5.130000000000000000e+02
7.251770825031953791e+02 5.240000000000000000e+02
7.252392794287906099e+02 5.360000000000000000e+02
7.253014753765480691e+02 5.420000000000000000e+02
7.253636703464677566e+02 5.250000000000000000e+02
7.254258643385497862e+02 5.230000000000000000e+02
7.254880573527940442e+02 5.130000000000000000e+02
7.255502493892006441e+02 5.270000000000000000e+02
7.256124404477694725e+02 5.110000000000000000e+02
7.256746305285005292e+02 4.970000000000000000e+02
7.257368196313939279e+02 5.350000000000000000e+02
7.257990077564495550e+02 5.480000000000000000e+02
7.258611949036675242e+02 5.340000000000000000e+02
7.259233810730477217e+02 5.330000000000000000e+02
7.259855662645902612e+02 5.330000000000000000e+02
7.260477504782950291e+02 5.300000000000000000e+02
7.261099337141620254e+02 5.250000000000000000e+02
7.261721159721913637e+02 5.180000000000000000e+02
7.262342972523829303e+02 5.160000000000000000e+02
7.262964775547368390e+02 5.220000000000000000e+02
7.263586568792529761e+02 5.010000000000000000e+02
7.264208352259313415e+02 5.170000000000000000e+02
7.264830125947720489e+02 5.290000000000000000e+02
7.265451889857749848e+02 5.200000000000000000e+02
7.266073643989402626e+02 5.140000000000000000e+02
7.266695388342677688e+02 5.120000000000000000e+02
7.267317122917576171e+02 5.210000000000000000e+02
7.267938847714096937e+02 5.470000000000000000e+02
7.268560562732239987e+02 5.170000000000000000e+02
7.269182267972006457e+02 5.240000000000000000e+02
7.269803963433395211e+02 5.290000000000000000e+02
7.270425649116407385e+02 5.330000000000000000e+02
7.271047325021041843e+02 5.380000000000000000e+02
7.271668991147298584e+02 5.130000000000000000e+02
7.272290647495178746e+02 5.130000000000000000e+02
7.272912294064682328e+02 5.210000000000000000e+02
7.273533930855807057e+02 5.010000000000000000e+02
7.274155557868555206e+02 5.260000000000000000e+02
7.274777175102926776e+02 5.190000000000000000e+02
7.275398782558920630e+02 5.260000000000000000e+02
7.276020380236536766e+02 5.410000000000000000e+02
7.276641968135776324e+02 5.340000000000000000e+02
7.279128221948961937e+02 5.180000000000000000e+02
7.279749760956315185e+02 5.220000000000000000e+02
7.280371290185290718e+02 5.280000000000000000e+02
7.280992809635889671e+02 5.130000000000000000e+02
7.281614319308110908e+02 5.340000000000000000e+02
7.282235819201955564e+02 5.430000000000000000e+02
7.282857309317422505e+02 5.210000000000000000e+02
7.283478789654511729e+02 5.140000000000000000e+02
7.284100260213224374e+02 5.380000000000000000e+02
7.284721720993559302e+02 5.380000000000000000e+02
7.285343171995517650e+02 5.180000000000000000e+02
7.285964613219098283e+02 5.330000000000000000e+02
7.286586044664302335e+02 5.330000000000000000e+02
7.287207466331128671e+02 5.310000000000000000e+02
7.287828878219577291e+02 5.200000000000000000e+02
7.288450280329649331e+02 5.210000000000000000e+02
7.289071672661343655e+02 5.410000000000000000e+02
7.289693055214661399e+02 5.150000000000000000e+02
7.290314427989601427e+02 5.340000000000000000e+02
7.290935790986163738e+02 5.290000000000000000e+02
7.291557144204349470e+02 5.160000000000000000e+02
7.292178487644157485e+02 5.440000000000000000e+02
7.292799821305588921e+02 5.190000000000000000e+02
7.293421145188642640e+02 5.360000000000000000e+02
7.294042459293319780e+02 5.130000000000000000e+02
7.294663763619619203e+02 5.200000000000000000e+02
7.295285058167540910e+02 5.360000000000000000e+02
7.297148883141044280e+02 5.390000000000000000e+02
7.297770138575457395e+02 5.140000000000000000e+02
7.298391384231492793e+02 5.250000000000000000e+02
7.299012620109151612e+02 5.510000000000000000e+02
7.299633846208432715e+02 5.140000000000000000e+02
7.300255062529337238e+02 5.260000000000000000e+02
7.300876269071864044e+02 5.390000000000000000e+02
7.301497465836014271e+02 5.390000000000000000e+02
7.302118652821786782e+02 5.340000000000000000e+02
7.302739830029181576e+02 5.280000000000000000e+02
7.303360997458199790e+02 5.310000000000000000e+02
7.303982155108840288e+02 5.220000000000000000e+02
7.304603302981104207e+02 5.400000000000000000e+02
7.305224441074990409e+02 5.190000000000000000e+02
7.305845569390500032e+02 5.320000000000000000e+02
7.306466687927631938e+02 5.320000000000000000e+02
7.307087796686386127e+02 5.400000000000000000e+02
7.307708895666763738e+02 5.430000000000000000e+02
7.308329984868763631e+02 5.370000000000000000e+02
7.308951064292386945e+02 5.590000000000000000e+02
7.309572133937632543e+02 5.540000000000000000e+02
7.310193193804500424e+02 5.340000000000000000e+02
7.310814243892991726e+02 5.310000000000000000e+02
7.311435284203105311e+02 5.450000000000000000e+02
7.312056314734842317e+02 5.440000000000000000e+02
7.312677335488201606e+02 5.780000000000000000e+02
7.313298346463184316e+02 5.520000000000000000e+02
7.313919347659789310e+02 5.310000000000000000e+02
7.314540339078016586e+02 5.580000000000000000e+02
7.315161320717867284e+02 5.580000000000000000e+02
7.315782292579340265e+02 5.580000000000000000e+02
7.316403254662436666e+02 5.740000000000000000e+02
7.317024206967155351e+02 5.550000000000000000e+02
7.317645149493496319e+02 5.710000000000000000e+02
7.318266082241460708e+02 5.690000000000000000e+02
7.318887005211047381e+02 5.620000000000000000e+02
7.319507918402257474e+02 5.540000000000000000e+02
7.320128821815089850e+02 5.760000000000000000e+02
7.320749715449545647e+02 5.790000000000000000e+02
7.321370599305623728e+02 5.660000000000000000e+02
7.321991473383324092e+02 5.960000000000000000e+02
7.322612337682647876e+02 5.600000000000000000e+02
7.323233192203593944e+02 5.880000000000000000e+02
7.323854036946163433e+02 5.990000000000000000e+02
7.324474871910355205e+02 5.860000000000000000e+02
7.325095697096169260e+02 6.060000000000000000e+02
7.325716512503606737e+02 6.140000000000000000e+02
7.326337318132666496e+02 6.160000000000000000e+02
7.326958113983349676e+02 6.300000000000000000e+02
7.327578900055655140e+02 6.180000000000000000e+02
7.328199676349584024e+02 6.350000000000000000e+02
7.328820442865135192e+02 6.380000000000000000e+02
7.329441199602308643e+02 6.510000000000000000e+02
7.330061946561105515e+02 6.670000000000000000e+02
7.330682683741524670e+02 7.110000000000000000e+02
7.331303411143567246e+02 7.130000000000000000e+02
7.331924128767232105e+02 7.220000000000000000e+02
7.332544836612520385e+02 7.700000000000000000e+02
7.333165534679430948e+02 7.730000000000000000e+02
7.333786222967963795e+02 7.680000000000000000e+02
7.334406901478120062e+02 8.150000000000000000e+02
7.335027570209898613e+02 8.550000000000000000e+02
7.335648229163300584e+02 9.080000000000000000e+02
7.336268878338324839e+02 9.450000000000000000e+02
7.336889517734971378e+02 1.016000000000000000e+03
7.337510147353241337e+02 1.101000000000000000e+03
7.338130767193133579e+02 1.216000000000000000e+03
7.338751377254649242e+02 1.256000000000000000e+03
7.339371977537787188e+02 1.385000000000000000e+03
7.339992568042548555e+02 1.578000000000000000e+03
7.340613148768932206e+02 1.649000000000000000e+03
7.341233719716938140e+02 1.789000000000000000e+03
7.341854280886567494e+02 2.001000000000000000e+03
7.342474832277819132e+02 2.125000000000000000e+03
7.343095373890694191e+02 2.322000000000000000e+03
7.343715905725191533e+02 2.498000000000000000e+03
7.344336427781311158e+02 2.432000000000000000e+03
7.344956940059054205e+02 2.440000000000000000e+03
7.345577442558419534e+02 2.332000000000000000e+03
7.346197935279408284e+02 2.264000000000000000e+03
7.346818418222019318e+02 2.124000000000000000e+03
7.347438891386253772e+02 1.934000000000000000e+03
7.348059354772110510e+02 1.785000000000000000e+03
7.348679808379589531e+02 1.524000000000000000e+03
7.349300252208691973e+02 1.496000000000000000e+03
7.349920686259416698e+02 1.392000000000000000e+03
7.350541110531764843e+02 1.222000000000000000e+03
7.351161525025735273e+02 1.195000000000000000e+03
7.351781929741327986e+02 1.089000000000000000e+03
7.352402324678544119e+02 1.004000000000000000e+03
7.353022709837383672e+02 9.910000000000000000e+02
7.353643085217844373e+02 9.610000000000000000e+02
7.354263450819929631e+02 8.700000000000000000e+02
7.354883806643636035e+02 8.620000000000000000e+02
7.355504152688965860e+02 8.480000000000000000e+02
7.356124488955919105e+02 8.100000000000000000e+02
7.356744815444493497e+02 7.810000000000000000e+02
7.357365132154692446e+02 7.610000000000000000e+02
7.357985439086512542e+02 7.690000000000000000e+02
7.358605736239956059e+02 7.150000000000000000e+02
7.359226023615022996e+02 7.160000000000000000e+02
7.359846301211712216e+02 7.210000000000000000e+02
7.360466569030023720e+02 7.220000000000000000e+02
7.361086827069958645e+02 6.920000000000000000e+02
7.361707075331515853e+02 6.830000000000000000e+02
7.362327313814696481e+02 6.990000000000000000e+02
7.362947542519499393e+02 6.770000000000000000e+02
7.363567761445924589e+02 6.530000000000000000e+02
7.364187970593973205e+02 6.750000000000000000e+02
7.364808169963645241e+02 6.520000000000000000e+02
7.365428359554938424e+02 6.520000000000000000e+02
7.366048539367855028e+02 6.380000000000000000e+02
7.366668709402395052e+02 6.280000000000000000e+02
7.367288869658557360e+02 6.300000000000000000e+02
7.367909020136341951e+02 6.330000000000000000e+02
7.368529160835749963e+02 6.330000000000000000e+02
7.369149291756780258e+02 6.080000000000000000e+02
7.369769412899433974e+02 6.020000000000000000e+02
7.370389524263709973e+02 6.210000000000000000e+02
7.371009625849608256e+02 5.730000000000000000e+02
7.371629717657129959e+02 6.210000000000000000e+02
7.372249799686275082e+02 5.940000000000000000e+02
7.372869871937041353e+02 5.920000000000000000e+02
7.373489934409431044e+02 6.040000000000000000e+02
7.374109987103444155e+02 6.070000000000000000e+02
7.374730030019079550e+02 6.130000000000000000e+02
7.375350063156337228e+02 5.940000000000000000e+02
7.375970086515218327e+02 5.960000000000000000e+02
7.376590100095722846e+02 5.750000000000000000e+02
7.377210103897848512e+02 5.840000000000000000e+02
7.377830097921597599e+02 5.850000000000000000e+02
7.378450082166970105e+02 5.940000000000000000e+02
7.379070056633964896e+02 5.860000000000000000e+02
7.379690021322581970e+02 5.770000000000000000e+02
7.380309976232822464e+02 5.930000000000000000e+02
7.380929921364685242e+02 5.800000000000000000e+02
7.381549856718171441e+02 5.630000000000000000e+02
7.382169782293279923e+02 5.680000000000000000e+02
7.382789698090010688e+02 5.760000000000000000e+02
7.383409604108364874e+02 5.850000000000000000e+02
7.384029500348341344e+02 5.940000000000000000e+02
7.384649386809941234e+02 5.700000000000000000e+02
7.385269263493163407e+02 5.790000000000000000e+02
7.385889130398007865e+02 5.620000000000000000e+02
7.386508987524475742e+02 5.610000000000000000e+02
7.387128834872567040e+02 5.660000000000000000e+02
7.387748672442280622e+02 5.640000000000000000e+02
7.388368500233616487e+02 5.590000000000000000e+02
7.388988318246574636e+02 5.820000000000000000e+02
7.389608126481156205e+02 5.730000000000000000e+02
7.390227924937361195e+02 5.720000000000000000e+02
7.390847713615188468e+02 5.690000000000000000e+02
7.391467492514638025e+02 5.580000000000000000e+02
7.392087261635711002e+02 5.750000000000000000e+02
7.392707020978406263e+02 5.690000000000000000e+02
7.393326770542723807e+02 5.670000000000000000e+02
7.393946510328664772e+02 5.740000000000000000e+02
7.394566240336229157e+02 5.710000000000000000e+02
7.395185960565415826e+02 5.740000000000000000e+02
7.395805671016224778e+02 5.740000000000000000e+02
7.396425371688656014e+02 5.750000000000000000e+02
7.397045062582710671e+02 5.480000000000000000e+02
7.397664743698388747e+02 5.720000000000000000e+02
7.398284415035689108e+02 5.800000000000000000e+02
7.398904076594611752e+02 5.870000000000000000e+02
7.399523728375157816e+02 5.830000000000000000e+02
7.400143370377326164e+02 5.770000000000000000e+02
7.400763002601117932e+02 5.740000000000000000e+02
7.401382625046531984e+02 5.780000000000000000e+02
7.402002237713568320e+02 5.760000000000000000e+02
7.402621840602228076e+02 5.680000000000000000e+02
7.403241433712510116e+02 5.740000000000000000e+02
7.403861017044415576e+02 5.690000000000000000e+02
7.404480590597943319e+02 5.710000000000000000e+02
7.405100154373093346e+02 5.940000000000000000e+02
7.405719708369866794e+02 5.880000000000000000e+02
7.406339252588263662e+02 5.980000000000000000e+02
7.406958787028281677e+02 6.140000000000000000e+02
7.407578311689924249e+02 6.030000000000000000e+02
7.408197826573187967e+02 6.010000000000000000e+02
7.408817331678075107e+02 6.050000000000000000e+02
7.409436827004585666e+02 6.210000000000000000e+02
7.410056312552717372e+02 6.240000000000000000e+02
7.410675788322473636e+02 5.980000000000000000e+02
7.411295254313851046e+02 6.350000000000000000e+02
7.411914710526851877e+02 6.050000000000000000e+02
7.412534156961476128e+02 6.110000000000000000e+02
7.413153593617722663e+02 6.120000000000000000e+02
7.413773020495591481e+02 6.090000000000000000e+02
7.414392437595083720e+02 6.110000000000000000e+02
7.415011844916198243e+02 6.170000000000000000e+02
7.415631242458936185e+02 5.990000000000000000e+02
7.416250630223296412e+02 5.800000000000000000e+02
7.416870008209278922e+02 5.950000000000000000e+02
7.417489376416884852e+02 5.770000000000000000e+02
7.418108734846114203e+02 5.770000000000000000e+02
7.418728083496964700e+02 6.020000000000000000e+02
7.419347422369438618e+02 5.740000000000000000e+02
7.419966751463535957e+02 5.870000000000000000e+02
7.420586070779255579e+02 5.840000000000000000e+02
7.421205380316597484e+02 6.110000000000000000e+02
7.421824680075562810e+02 5.600000000000000000e+02
7.422443970056150420e+02 5.650000000000000000e+02
7.423063250258361450e+02 5.410000000000000000e+02
7.423682520682194763e+02 5.690000000000000000e+02
7.424301781327651497e+02 5.820000000000000000e+02
7.424921032194729378e+02 5.600000000000000000e+02
7.425540273283431816e+02 5.460000000000000000e+02
7.426159504593755400e+02 5.460000000000000000e+02
7.426778726125703542e+02 5.730000000000000000e+02
7.427397937879272831e+02 5.560000000000000000e+02
7.428017139854465540e+02 5.580000000000000000e+02
7.428636332051281670e+02 5.620000000000000000e+02
7.429255514469718946e+02 5.680000000000000000e+02
7.429874687109780780e+02 5.500000000000000000e+02
7.430493849971463760e+02 5.420000000000000000e+02
7.431113003054770161e+02 5.610000000000000000e+02
7.431732146359699982e+02 5.630000000000000000e+02
7.432351279886252087e+02 5.580000000000000000e+02
7.432970403634426475e+02 5.520000000000000000e+02
7.433589517604224284e+02 5.610000000000000000e+02
7.434208621795644376e+02 5.650000000000000000e+02
7.434827716208687889e+02 5.500000000000000000e+02
7.435446800843353685e+02 5.680000000000000000e+02
7.436065875699641765e+02 5.560000000000000000e+02
7.436684940777553265e+02 5.340000000000000000e+02
7.437303996077087049e+02 5.460000000000000000e+02
7.437923041598244254e+02 5.620000000000000000e+02
7.438542077341023742e+02 5.480000000000000000e+02
7.439161103305426650e+02 5.550000000000000000e+02
7.439780119491451842e+02 5.610000000000000000e+02
7.440399125899099317e+02 5.450000000000000000e+02
7.441018122528370213e+02 5.430000000000000000e+02
7.441637109379263393e+02 5.440000000000000000e+02
7.442256086451779993e+02 5.510000000000000000e+02
7.442875053745918876e+02 5.830000000000000000e+02
7.443494011261680043e+02 5.480000000000000000e+02
7.444112958999064631e+02 5.520000000000000000e+02
7.444731896958071502e+02 5.600000000000000000e+02
7.445350825138701794e+02 5.480000000000000000e+02
7.445969743540954369e+02 5.350000000000000000e+02
7.446588652164830364e+02 5.740000000000000000e+02
7.447207551010328643e+02 5.500000000000000000e+02
7.447826440077449206e+02 5.410000000000000000e+02
7.448445319366193189e+02 5.330000000000000000e+02
7.449064188876559456e+02 5.630000000000000000e+02
7.449683048608549143e+02 5.550000000000000000e+02
7.450301898562161114e+02 5.590000000000000000e+02
7.450920738737395368e+02 5.610000000000000000e+02
7.451539569134253043e+02 5.480000000000000000e+02
7.452158389752733001e+02 5.720000000000000000e+02
7.452777200592836380e+02 5.520000000000000000e+02
7.453396001654562042e+02 5.280000000000000000e+02
7.454014792937911125e+02 5.490000000000000000e+02
7.454633574442882491e+02 5.660000000000000000e+02
7.455252346169476141e+02 5.430000000000000000e+02
7.455871108117693211e+02 5.570000000000000000e+02
7.456489860287532565e+02 5.540000000000000000e+02
7.457108602678995339e+02 5.440000000000000000e+02
7.457727335292080397e+02 5.400000000000000000e+02
7.458346058126788876e+02 5.600000000000000000e+02
7.458964771183119637e+02 5.450000000000000000e+02
7.459583474461072683e+02 5.450000000000000000e+02
7.460202167960649149e+02 5.480000000000000000e+02
7.460820851681847898e+02 5.540000000000000000e+02
7.461439525624668931e+02 5.530000000000000000e+02
7.462058189789114522e+02 5.430000000000000000e+02
7.462676844175181259e+02 5.560000000000000000e+02
7.463295488782871416e+02 5.580000000000000000e+02
7.463914123612183857e+02 5.520000000000000000e+02
7.464532748663119719e+02 5.370000000000000000e+02
7.465151363935677864e+02 5.590000000000000000e+02
7.465769969429858293e+02 5.370000000000000000e+02
7.466388565145662142e+02 5.530000000000000000e+02
7.467007151083089411e+02 5.550000000000000000e+02
7.467625727242138964e+02 5.770000000000000000e+02
7.468244293622810801e+02 5.540000000000000000e+02
7.468862850225104921e+02 5.520000000000000000e+02
7.469481397049022462e+02 5.520000000000000000e+02
7.470099934094563423e+02 5.410000000000000000e+02
7.470718461361726668e+02 5.570000000000000000e+02
7.471336978850512196e+02 5.370000000000000000e+02
7.471955486560921145e+02 5.710000000000000000e+02
7.472573984492952377e+02 5.280000000000000000e+02
7.473192472646605893e+02 5.490000000000000000e+02
7.473810951021882829e+02 5.420000000000000000e+02
7.474429419618783186e+02 5.610000000000000000e+02
7.475047878437305826e+02 5.520000000000000000e+02
7.475666327477450750e+02 5.330000000000000000e+02
7.476284766739219094e+02 5.540000000000000000e+02
7.476903196222609722e+02 5.510000000000000000e+02
7.477521615927622634e+02 5.530000000000000000e+02
7.478140025854258965e+02 5.490000000000000000e+02
7.478758426002517581e+02 5.370000000000000000e+02
7.479376816372399617e+02 5.690000000000000000e+02
7.479995196963903936e+02 5.560000000000000000e+02
7.480613567777031676e+02 5.440000000000000000e+02
7.481231928811781700e+02 5.890000000000000000e+02
7.481850280068154007e+02 5.620000000000000000e+02
7.482468621546149734e+02 5.490000000000000000e+02
7.483086953245767745e+02 5.500000000000000000e+02
7.483705275167009177e+02 5.630000000000000000e+02
7.484323587309872892e+02 5.360000000000000000e+02
7.484941889674360027e+02 5.590000000000000000e+02
7.485560182260469446e+02 5.440000000000000000e+02
7.486178465068201149e+02 5.520000000000000000e+02
7.486796738097556272e+02 5.320000000000000000e+02
7.487415001348533679e+02 5.380000000000000000e+02
7.488033254821133369e+02 5.410000000000000000e+02
7.488651498515356479e+02 5.480000000000000000e+02
7.489269732431203010e+02 5.320000000000000000e+02
7.489887956568671825e+02 5.570000000000000000e+02
7.490506170927762923e+02 5.470000000000000000e+02
7.491124375508477442e+02 5.430000000000000000e+02
7.491742570310814244e+02 5.470000000000000000e+02
7.492360755334773330e+02 5.450000000000000000e+02
7.492978930580355836e+02 5.580000000000000000e+02
7.493597096047561763e+02 5.610000000000000000e+02
7.494215251736389973e+02 5.320000000000000000e+02
7.494833397646840467e+02 5.580000000000000000e+02
7.495451533778913245e+02 5.440000000000000000e+02
7.496069660132609442e+02 5.520000000000000000e+02
7.496687776707929061e+02 5.690000000000000000e+02
7.497305883504870962e+02 5.590000000000000000e+02
7.497923980523435148e+02 5.390000000000000000e+02
7.498542067763622754e+02 5.540000000000000000e+02
7.499160145225432643e+02 5.520000000000000000e+02
7.499778212908865953e+02 5.540000000000000000e+02
7.500396270813921547e+02 5.410000000000000000e+02
7.501014318940599424e+02 5.310000000000000000e+02
7.501632357288900721e+02 5.450000000000000000e+02
7.502250385858824302e+02 5.600000000000000000e+02
7.502868404650371303e+02 5.590000000000000000e+02
7.503486413663540588e+02 5.230000000000000000e+02
7.504104412898332157e+02 5.570000000000000000e+02
7.504722402354747146e+02 5.550000000000000000e+02
7.505340382032784419e+02 5.490000000000000000e+02
7.505958351932445112e+02 5.550000000000000000e+02
7.506576312053728088e+02 5.610000000000000000e+02
7.507194262396634485e+02 5.560000000000000000e+02
7.507812202961163166e+02 5.290000000000000000e+02
7.508430133747314130e+02 5.440000000000000000e+02
7.509048054755088515e+02 5.320000000000000000e+02
7.509665965984485183e+02 5.400000000000000000e+02
7.510283867435505272e+02 5.390000000000000000e+02
7.510901759108147644e+02 5.460000000000000000e+02
7.511519641002413437e+02 5.710000000000000000e+02
7.512137513118301513e+02 5.400000000000000000e+02
7.512755375455811873e+02 5.490000000000000000e+02
7.513373228014945653e+02 5.420000000000000000e+02
7.513991070795701717e+02 5.590000000000000000e+02
7.514608903798081201e+02 5.630000000000000000e+02
7.515226727022082969e+02 5.520000000000000000e+02
7.515844540467707020e+02 5.620000000000000000e+02
7.516462344134954492e+02 5.740000000000000000e+02
7.517080138023824247e+02 5.140000000000000000e+02
7.517697922134317423e+02 5.620000000000000000e+02
7.518315696466432883e+02 5.350000000000000000e+02
7.518933461020171762e+02 5.520000000000000000e+02
7.519551215795531789e+02 5.450000000000000000e+02
7.520168960792516373e+02 5.590000000000000000e+02
7.520786696011123240e+02 5.510000000000000000e+02
7.521404421451352391e+02 5.240000000000000000e+02
7.522022137113203826e+02 5.330000000000000000e+02
7.522639842996679818e+02 5.630000000000000000e+02
7.523257539101776956e+02 5.360000000000000000e+02
7.523875225428497515e+02 5.400000000000000000e+02
7.524492901976840358e+02 5.550000000000000000e+02
7.525110568746806621e+02 5.590000000000000000e+02
7.525728225738395167e+02 5.320000000000000000e+02
7.526345872951607134e+02 5.390000000000000000e+02
7.526963510386441385e+02 5.380000000000000000e+02
7.527581138042897919e+02 5.530000000000000000e+02
7.528198755920977874e+02 5.370000000000000000e+02
7.528816364020680112e+02 5.480000000000000000e+02
7.529433962342005771e+02 5.540000000000000000e+02
7.530051550884953713e+02 5.550000000000000000e+02
7.530669129649523938e+02 5.440000000000000000e+02
7.531286698635717585e+02 5.430000000000000000e+02
7.531904257843534651e+02 5.380000000000000000e+02
7.532521807272972865e+02 5.290000000000000000e+02
7.533139346924035635e+02 5.400000000000000000e+02
7.533756876796719553e+02 5.160000000000000000e+02
7.534374396891026890e+02 5.560000000000000000e+02
7.534991907206956512e+02 5.370000000000000000e+02
7.535609407744509554e+02 5.280000000000000000e+02
7.536226898503686016e+02 5.580000000000000000e+02
7.536844379484483625e+02 5.520000000000000000e+02
7.537461850686904654e+02 5.560000000000000000e+02
7.538079312110949104e+02 5.480000000000000000e+02
7.538696763756615837e+02 5.490000000000000000e+02
7.539314205623904854e+02 5.480000000000000000e+02
7.539931637712817292e+02 5.630000000000000000e+02
7.540549060023352013e+02 5.500000000000000000e+02
7.541166472555510154e+02 5.450000000000000000e+02
7.541783875309290579e+02 5.450000000000000000e+02
7.542401268284693288e+02 5.580000000000000000e+02
7.543018651481719417e+02 5.510000000000000000e+02
7.543636024900367829e+02 5.520000000000000000e+02
7.544253388540639662e+02 5.360000000000000000e+02
7.544870742402533779e+02 5.420000000000000000e+02
7.545488086486051316e+02 5.400000000000000000e+02
7.546105420791191136e+02 5.560000000000000000e+02
7.546722745317953240e+02 5.550000000000000000e+02
7.547340060066338765e+02 5.450000000000000000e+02
7.547957365036346573e+02 5.620000000000000000e+02
7.548574660227977802e+02 5.490000000000000000e+02
7.549191945641231314e+02 5.690000000000000000e+02
7.549809221276107110e+02 5.570000000000000000e+02
7.550426487132606326e+02 5.610000000000000000e+02
7.551043743210728962e+02 5.420000000000000000e+02
7.551660989510472746e+02 5.500000000000000000e+02
7.552278226031839949e+02 5.480000000000000000e+02
7.552895452774830574e+02 5.410000000000000000e+02
7.553512669739443481e+02 5.300000000000000000e+02
7.554129876925678673e+02 5.490000000000000000e+02
7.554747074333537284e+02 5.400000000000000000e+02
7.555364261963018180e+02 5.660000000000000000e+02
7.555981439814122496e+02 5.670000000000000000e+02
7.556598607886849095e+02 5.610000000000000000e+02
7.557215766181199115e+02 5.530000000000000000e+02
7.557832914697171418e+02 5.710000000000000000e+02
7.558450053434766005e+02 5.480000000000000000e+02
7.559067182393984012e+02 5.400000000000000000e+02
7.559684301574824303e+02 5.630000000000000000e+02
7.560301410977286878e+02 5.460000000000000000e+02
7.560918510601372873e+02 5.400000000000000000e+02
7.561535600447082288e+02 5.510000000000000000e+02
7.562152680514413987e+02 5.490000000000000000e+02
7.562769750803367970e+02 5.600000000000000000e+02
7.563386811313945373e+02 5.390000000000000000e+02
7.564003862046145059e+02 5.430000000000000000e+02
7.564620902999967029e+02 5.480000000000000000e+02
7.565237934175412420e+02 5.440000000000000000e+02
7.565854955572481231e+02 5.540000000000000000e+02
7.566471967191171188e+02 5.450000000000000000e+02
7.567088969031485703e+02 5.580000000000000000e+02
7.567705961093421365e+02 5.260000000000000000e+02
7.568322943376980447e+02 5.480000000000000000e+02
7.568939915882162950e+02 5.500000000000000000e+02
7.569556878608967736e+02 5.690000000000000000e+02
7.570173831557394806e+02 5.250000000000000000e+02
7.570790774727445296e+02 5.630000000000000000e+02
7.571407708119118070e+02 5.490000000000000000e+02
7.572024631732413127e+02 5.430000000000000000e+02
7.572641545567331605e+02 5.410000000000000000e+02
7.573258449623873503e+02 5.500000000000000000e+02
7.573875343902036548e+02 5.340000000000000000e+02
7.574492228401824150e+02 5.510000000000000000e+02
7.575109103123232899e+02 5.490000000000000000e+02
7.575725968066265068e+02 5.460000000000000000e+02
7.576342823230920658e+02 5.560000000000000000e+02
7.576959668617198531e+02 5.350000000000000000e+02
7.577576504225098688e+02 5.530000000000000000e+02
7.578193330054622265e+02 5.670000000000000000e+02
7.578810146105768126e+02 5.620000000000000000e+02
7.579426952378536271e+02 5.340000000000000000e+02
7.580043748872927836e+02 5.550000000000000000e+02
7.580660535588942821e+02 5.390000000000000000e+02
7.581277312526580090e+02 5.490000000000000000e+02
7.581894079685839642e+02 5.490000000000000000e+02
7.582510837066722615e+02 5.520000000000000000e+02
7.583127584669227872e+02 5.340000000000000000e+02
7.583744322493355412e+02 5.380000000000000000e+02
7.584361050539106373e+02 5.520000000000000000e+02
7.584977768806479617e+02 5.320000000000000000e+02
7.585594477295476281e+02 5.310000000000000000e+02
7.586211176006095229e+02 5.390000000000000000e+02
7.586827864938337598e+02 5.400000000000000000e+02
7.587444544092202250e+02 5.340000000000000000e+02
7.588061213467689186e+02 5.310000000000000000e+02
7.588677873064799542e+02 5.220000000000000000e+02
7.589294522883533318e+02 5.510000000000000000e+02
7.589911162923888241e+02 5.430000000000000000e+02
7.590527793185866585e+02 5.550000000000000000e+02
7.591144413669468349e+02 5.450000000000000000e+02
7.591761024374692397e+02 5.310000000000000000e+02
7.592377625301538728e+02 5.370000000000000000e+02
7.592994216450008480e+02 5.460000000000000000e+02
7.593610797820100515e+02 5.420000000000000000e+02
7.594227369411815971e+02 5.490000000000000000e+02
7.594843931225153710e+02 5.330000000000000000e+02
7.595460483260113733e+02 5.430000000000000000e+02
7.596077025516697176e+02 5.420000000000000000e+02
7.596693557994902903e+02 5.300000000000000000e+02
7.597310080694732051e+02 5.460000000000000000e+02
7.597926593616183482e+02 5.260000000000000000e+02
7.598543096759258333e+02 5.280000000000000000e+02
7.599159590123955468e+02 5.230000000000000000e+02
7.599776073710274886e+02 5.350000000000000000e+02
7.600392547518217725e+02 5.170000000000000000e+02
7.601009011547782848e+02 5.110000000000000000e+02
7.601625465798971391e+02 5.340000000000000000e+02
7.602241910271782217e+02 5.400000000000000000e+02
7.602858344966215327e+02 5.310000000000000000e+02
7.603474769882271858e+02 5.140000000000000000e+02
7.604091185019951808e+02 5.180000000000000000e+02
7.604707590379252906e+02 5.320000000000000000e+02
7.605323985960178561e+02 5.290000000000000000e+02
7.605940371762725363e+02 5.120000000000000000e+02
7.606556747786895585e+02 5.400000000000000000e+02
7.607173114032689227e+02 5.260000000000000000e+02
7.607789470500104017e+02 5.320000000000000000e+02
7.608405817189143363e+02 5.370000000000000000e+02
7.609022154099803856e+02 5.390000000000000000e+02
7.609638481232087770e+02 5.360000000000000000e+02
7.610254798585995104e+02 5.510000000000000000e+02
7.610871106161524722e+02 5.420000000000000000e+02
7.611487403958676623e+02 5.180000000000000000e+02
7.612103691977451945e+02 5.280000000000000000e+02
7.612719970217849550e+02 5.250000000000000000e+02
7.613336238679870576e+02 5.300000000000000000e+02
7.613952497363513885e+02 5.200000000000000000e+02
7.614568746268779478e+02 5.270000000000000000e+02
7.615184985395668491e+02 5.280000000000000000e+02
7.615801214744179788e+02 5.280000000000000000e+02
7.616417434314314505e+02 5.310000000000000000e+02
7.617033644106071506e+02 5.290000000000000000e+02
7.617649844119450790e+02 5.330000000000000000e+02
7.618266034354453495e+02 5.030000000000000000e+02
7.618882214811079621e+02 5.190000000000000000e+02
7.619498385489328030e+02 5.470000000000000000e+02
7.620114546389198722e+02 5.360000000000000000e+02
7.620730697510691698e+02 5.230000000000000000e+02
7.621346838853808094e+02 5.300000000000000000e+02
7.621962970418547911e+02 5.210000000000000000e+02
7.622579092204910012e+02 5.390000000000000000e+02
7.623195204212894396e+02 5.330000000000000000e+02
7.623811306442502200e+02 5.290000000000000000e+02
7.624427398893732288e+02 5.370000000000000000e+02
7.625043481566585797e+02 5.210000000000000000e+02
7.625659554461060452e+02 5.450000000000000000e+02
7.626275617577159665e+02 5.190000000000000000e+02
7.626891670914881161e+02 5.190000000000000000e+02
7.627507714474224940e+02 5.420000000000000000e+02
7.628123748255191003e+02 5.280000000000000000e+02
7.628739772257781624e+02 5.360000000000000000e+02
7.629355786481993391e+02 5.300000000000000000e+02
7.629971790927828579e+02 5.230000000000000000e+02
7.630587785595286050e+02 5.270000000000000000e+02
7.631203770484366942e+02 5.180000000000000000e+02
7.631819745595070117e+02 5.170000000000000000e+02
7.632435710927396713e+02 5.560000000000000000e+02
7.633051666481345592e+02 5.590000000000000000e+02
7.633667612256916755e+02 5.610000000000000000e+02
7.634283548254111338e+02 5.730000000000000000e+02
7.634899474472928205e+02 5.590000000000000000e+02
7.635515390913368492e+02 5.470000000000000000e+02
7.636131297575431063e+02 5.430000000000000000e+02
7.636747194459117054e+02 5.360000000000000000e+02
7.637363081564424192e+02 5.430000000000000000e+02
7.637978958891355887e+02 5.320000000000000000e+02
7.638594826439909866e+02 5.270000000000000000e+02
7.639210684210086129e+02 5.490000000000000000e+02
7.639826532201884675e+02 5.210000000000000000e+02
7.640442370415306641e+02 5.330000000000000000e+02
7.641058198850352028e+02 5.320000000000000000e+02
7.641674017507019698e+02 5.400000000000000000e+02
7.642289826385309652e+02 5.180000000000000000e+02
7.642905625485223027e+02 5.170000000000000000e+02
7.643521414806758685e+02 5.270000000000000000e+02
7.644137194349916626e+02 5.330000000000000000e+02
7.644752964114697988e+02 5.350000000000000000e+02
7.645368724101102771e+02 5.440000000000000000e+02
7.645984474309129837e+02 5.280000000000000000e+02
7.646600214738779187e+02 5.220000000000000000e+02
7.647215945390050820e+02 5.260000000000000000e+02
7.647831666262945873e+02 5.350000000000000000e+02
7.648447377357464347e+02 5.390000000000000000e+02
7.649063078673605105e+02 5.320000000000000000e+02
7.649678770211368146e+02 5.310000000000000000e+02
7.650294451970754608e+02 5.460000000000000000e+02
7.650910123951763353e+02 5.250000000000000000e+02
7.651525786154394382e+02 5.340000000000000000e+02
7.652141438578648831e+02 5.270000000000000000e+02
7.652757081224526701e+02 5.290000000000000000e+02
7.653372714092026854e+02 5.350000000000000000e+02
7.653988337181149291e+02 5.210000000000000000e+02
7.654603950491894011e+02 5.190000000000000000e+02
7.655219554024263289e+02 5.260000000000000000e+02
7.655835147778253713e+02 5.330000000000000000e+02
7.656450731753867558e+02 5.070000000000000000e+02
7.657066305951103686e+02 5.180000000000000000e+02
7.657681870369963235e+02 5.100000000000000000e+02
7.658297425010445068e+02 5.180000000000000000e+02
7.658912969872550320e+02 5.070000000000000000e+02
7.659528504956277857e+02 5.260000000000000000e+02
7.660144030261627677e+02 5.390000000000000000e+02
7.660759545788600917e+02 5.180000000000000000e+02
7.661375051537196441e+02 5.380000000000000000e+02
7.661990547507415386e+02 5.140000000000000000e+02
7.662606033699256614e+02 5.220000000000000000e+02
7.663221510112721262e+02 5.240000000000000000e+02
7.663836976747807057e+02 5.240000000000000000e+02
7.664452433604517410e+02 5.360000000000000000e+02
7.665067880682850046e+02 5.430000000000000000e+02
7.665683317982804965e+02 5.200000000000000000e+02
7.666298745504382168e+02 5.280000000000000000e+02
7.666914163247582792e+02 5.110000000000000000e+02
7.667529571212406836e+02 5.190000000000000000e+02
7.668144969398853164e+02 5.260000000000000000e+02
7.668760357806921775e+02 5.390000000000000000e+02
7.669375736436613806e+02 5.140000000000000000e+02
7.669991105287928121e+02 5.230000000000000000e+02
7.670606464360864720e+02 5.020000000000000000e+02
7.671221813655424739e+02 5.210000000000000000e+02
7.671837153171608179e+02 5.260000000000000000e+02
7.672452482909412765e+02 5.170000000000000000e+02
7.673067802868841909e+02 5.150000000000000000e+02
7.673683113049892199e+02 5.260000000000000000e+02
7.674298413452565910e+02 4.920000000000000000e+02
7.674913704076863041e+02 5.060000000000000000e+02
7.675528984922782456e+02 5.270000000000000000e+02
7.676144255990324154e+02 5.100000000000000000e+02
7.676759517279489273e+02 5.060000000000000000e+02
7.677374768790276676e+02 5.310000000000000000e+02
7.677990010522686362e+02 5.230000000000000000e+02
7.678605242476719468e+02 5.280000000000000000e+02
7.679220464652375995e+02 4.990000000000000000e+02
7.679835677049654805e+02 5.080000000000000000e+02
7.680450879668555899e+02 5.210000000000000000e+02
7.681066072509079277e+02 5.230000000000000000e+02
7.681681255571227211e+02 5.310000000000000000e+02
7.682296428854996293e+02 4.970000000000000000e+02
7.682911592360388795e+02 5.230000000000000000e+02
7.683526746087403581e+02 5.100000000000000000e+02
7.684141890036041787e+02 5.240000000000000000e+02
7.684757024206302276e+02 5.140000000000000000e+02
7.685372148598186186e+02 5.540000000000000000e+02
7.685987263211692380e+02 5.140000000000000000e+02
7.686602368046820857e+02 5.370000000000000000e+02
7.687217463103572754e+02 5.190000000000000000e+02
7.687832548381946935e+02 5.190000000000000000e+02
7.688447623881944537e+02 5.190000000000000000e+02
7.689062689603564422e+02 5.230000000000000000e+02
7.689677745546807728e+02 5.380000000000000000e+02
7.690292791711672180e+02 5.250000000000000000e+02
7.690907828098161190e+02 5.160000000000000000e+02
7.691522854706272483e+02 5.120000000000000000e+02
7.692137871536006060e+02 5.250000000000000000e+02
7.692752878587361920e+02 4.990000000000000000e+02
7.693367875860342338e+02 5.170000000000000000e+02
7.693982863354943902e+02 5.260000000000000000e+02
7.694597841071168887e+02 5.190000000000000000e+02
7.695212809009016155e+02 5.360000000000000000e+02
7.695827767168486844e+02 5.140000000000000000e+02
7.696442715549579816e+02 5.250000000000000000e+02
7.697057654152295072e+02 5.190000000000000000e+02
7.697672582976633748e+02 5.220000000000000000e+02
7.698287502022595845e+02 5.160000000000000000e+02
7.698902411290180225e+02 5.160000000000000000e+02
7.699517310779386889e+02 5.120000000000000000e+02
7.700132200490215837e+02 5.300000000000000000e+02
7.700747080422668205e+02 5.110000000000000000e+02
7.701361950576743993e+02 5.190000000000000000e+02
7.701976810952442065e+02 5.120000000000000000e+02
7.702591661549762421e+02 5.040000000000000000e+02
7.703206502368706197e+02 5.380000000000000000e+02
7.703821333409272256e+02 5.230000000000000000e+02
7.704436154671461736e+02 5.360000000000000000e+02
7.705050966155272363e+02 5.120000000000000000e+02
7.705665767860707547e+02 5.080000000000000000e+02
7.706280559787765014e+02 5.210000000000000000e+02
7.706895341936444765e+02 5.270000000000000000e+02
7.707510114306747937e+02 5.160000000000000000e+02
7.708124876898673392e+02 5.220000000000000000e+02
7.708739629712221131e+02 5.320000000000000000e+02
7.709354372747392290e+02 4.930000000000000000e+02
7.709969106004186870e+02 5.120000000000000000e+02
7.710583829482602596e+02 5.280000000000000000e+02
7.711198543182641743e+02 5.280000000000000000e+02
7.711813247104304310e+02 4.980000000000000000e+02
7.712427941247589160e+02 4.990000000000000000e+02
7.713042625612496295e+02 5.150000000000000000e+02
7.713657300199026849e+02 5.280000000000000000e+02
7.714271965007180825e+02 5.180000000000000000e+02
7.714886620036955946e+02 5.340000000000000000e+02
7.715501265288354489e+02 5.120000000000000000e+02
7.716115900761376452e+02 5.150000000000000000e+02
7.716730526456020698e+02 4.920000000000000000e+02
7.717345142372287228e+02 5.220000000000000000e+02
7.717959748510177178e+02 5.060000000000000000e+02
7.718574344869689412e+02 5.310000000000000000e+02
7.719188931450825066e+02 5.080000000000000000e+02
7.719803508253583004e+02 5.230000000000000000e+02
7.720418075277963226e+02 5.120000000000000000e+02
7.721032632523966868e+02 5.420000000000000000e+02
7.721647179991592793e+02 5.360000000000000000e+02
7.722261717680842139e+02 5.370000000000000000e+02
7.722876245591713769e+02 5.250000000000000000e+02
7.723490763724208819e+02 5.300000000000000000e+02
7.724105272078326152e+02 5.290000000000000000e+02
7.724719770654065769e+02 5.170000000000000000e+02
7.725334259451428807e+02 5.050000000000000000e+02
7.725948738470414128e+02 5.180000000000000000e+02
7.726563207711022869e+02 5.330000000000000000e+02
7.727177667173253894e+02 5.340000000000000000e+02
7.727792116857107203e+02 5.100000000000000000e+02
7.728406556762583932e+02 5.380000000000000000e+02
7.729020986889684082e+02 5.230000000000000000e+02
7.729635407238405378e+02 5.180000000000000000e+02
7.730249817808750095e+02 5.220000000000000000e+02
7.730864218600718232e+02 5.300000000000000000e+02
7.731478609614308652e+02 5.290000000000000000e+02
7.732092990849521357e+02 5.430000000000000000e+02
7.732707362306357481e+02 5.140000000000000000e+02
7.733321723984815890e+02 5.010000000000000000e+02
7.733936075884897718e+02 5.060000000000000000e+02
7.734550418006601831e+02 5.190000000000000000e+02
7.735164750349929363e+02 5.070000000000000000e+02
7.735779072914879180e+02 5.370000000000000000e+02
7.736393385701451280e+02 5.330000000000000000e+02
7.737007688709646800e+02 5.300000000000000000e+02
7.737621981939464604e+02 5.230000000000000000e+02
7.738236265390904691e+02 5.140000000000000000e+02
7.738850539063968199e+02 5.140000000000000000e+02
7.739464802958655127e+02 5.150000000000000000e+02
7.740079057074964339e+02 5.290000000000000000e+02
7.740693301412895835e+02 5.240000000000000000e+02
7.741307535972450751e+02 5.250000000000000000e+02
7.741921760753627950e+02 5.280000000000000000e+02
7.742535975756427433e+02 5.280000000000000000e+02
7.743150180980850337e+02 5.250000000000000000e+02
7.743764376426895524e+02 5.410000000000000000e+02
7.744378562094564131e+02 5.120000000000000000e+02
7.744992737983855022e+02 5.170000000000000000e+02
7.745606904094769334e+02 5.510000000000000000e+02
7.746221060427305929e+02 5.160000000000000000e+02
7.746835206981465944e+02 5.140000000000000000e+02
7.747449343757248243e+02 5.130000000000000000e+02
7.748063470754652826e+02 5.280000000000000000e+02
7.748677587973679692e+02 5.150000000000000000e+02
7.749291695414331116e+02 5.250000000000000000e+02
7.749905793076603686e+02 5.100000000000000000e+02
7.750519880960499677e+02 5.100000000000000000e+02
7.751133959066019088e+02 5.310000000000000000e+02
7.751748027393159646e+02 5.330000000000000000e+02
7.752362085941924761e+02 5.460000000000000000e+02
7.752976134712311023e+02 5.350000000000000000e+02
7.753590173704320705e+02 5.330000000000000000e+02
7.754204202917953808e+02 5.170000000000000000e+02
7.754818222353208057e+02 5.090000000000000000e+02
7.755432232010086864e+02 5.210000000000000000e+02
7.756046231888587954e+02 5.200000000000000000e+02
7.756660221988711328e+02 5.170000000000000000e+02
7.757274202310456985e+02 5.160000000000000000e+02
7.757888172853826063e+02 5.330000000000000000e+02
7.758502133618818561e+02 5.120000000000000000e+02
7.759116084605432206e+02 5.170000000000000000e+02
7.759730025813670409e+02 5.190000000000000000e+02
7.760343957243530895e+02 5.110000000000000000e+02
7.760957878895012527e+02 5.370000000000000000e+02
7.761571790768118717e+02 5.150000000000000000e+02
7.762185692862847191e+02 5.250000000000000000e+02
7.762799585179197948e+02 5.120000000000000000e+02
7.763413467717172125e+02 5.100000000000000000e+02
7.764027340476768586e+02 5.250000000000000000e+02
7.764641203457988468e+02 5.090000000000000000e+02
7.765255056660830633e+02 5.200000000000000000e+02
7.765868900085295081e+02 4.990000000000000000e+02
7.766482733731382950e+02 5.180000000000000000e+02
7.767096557599093103e+02 5.130000000000000000e+02
7.767710371688426676e+02 5.390000000000000000e+02
7.768324175999382533e+02 5.340000000000000000e+02
7.768937970531961810e+02 5.280000000000000000e+02
7.769551755286163370e+02 5.190000000000000000e+02
7.770165530261987215e+02 5.280000000000000000e+02
7.770779295459434479e+02 5.020000000000000000e+02
7.771393050878504027e+02 5.310000000000000000e+02
7.772006796519196996e+02 5.200000000000000000e+02
7.772620532381512248e+02 5.170000000000000000e+02
7.773234258465449784e+02 5.200000000000000000e+02
7.773847974771010740e+02 5.190000000000000000e+02
7.774461681298193980e+02 5.270000000000000000e+02
7.775075378047000640e+02 4.980000000000000000e+02
7.775689065017429584e+02 5.140000000000000000e+02
7.776302742209481949e+02 5.300000000000000000e+02
7.776916409623156596e+02 5.400000000000000000e+02
7.777530067258453528e+02 5.030000000000000000e+02
7.778143715115373880e+02 5.180000000000000000e+02
7.778757353193916515e+02 5.240000000000000000e+02
7.779370981494082571e+02 5.250000000000000000e+02
7.779984600015870910e+02 5.180000000000000000e+02
7.780598208759281533e+02 5.370000000000000000e+02
7.781211807724315577e+02 5.400000000000000000e+02
7.781825396910971904e+02 5.110000000000000000e+02
7.782438976319251651e+02 5.160000000000000000e+02
7.783052545949153682e+02 5.290000000000000000e+02
7.783666105800679134e+02 5.360000000000000000e+02
7.784279655873826869e+02 5.500000000000000000e+02
7.784893196168596887e+02 5.190000000000000000e+02
7.785506726684990326e+02 4.930000000000000000e+02
7.786120247423006049e+02 5.030000000000000000e+02
7.786733758382645192e+02 5.100000000000000000e+02
7.787347259563906618e+02 5.310000000000000000e+02
7.787960750966791466e+02 5.040000000000000000e+02
7.788574232591298596e+02 5.260000000000000000e+02
7.789187704437428010e+02 5.200000000000000000e+02
7.789801166505180845e+02 5.260000000000000000e+02
7.790414618794555963e+02 5.330000000000000000e+02
7.791028061305553365e+02 5.200000000000000000e+02
7.791641494038174187e+02 5.200000000000000000e+02
7.792254916992418430e+02 5.070000000000000000e+02
7.792868330168284956e+02 4.910000000000000000e+02
