1.376375
1.3763895
1.376404
1.3764185
1.376433
1.3764475
1.376462
1.3764765
1.376491
1.3765056
1.3765201
1.3765346
1.3765491
1.3765636
1.3765781
1.3765926
1.3766072
1.3766217
1.3766362
1.3766507
1.3766652
1.3766797
1.3766943
1.3767088
1.3767233
1.3767378
1.3767523
1.3767669
1.3767814
1.3767959
1.3768104
1.376825
1.3768395
1.376854
1.3768685
1.3768831
1.3768976
1.3769121
1.3769266
1.3769412
1.3769557
1.3769702
1.3769848
1.3769993
1.3770138
1.3770283
1.3770429
1.3770574
1.3770719
1.3770865
1.377101
1.3771156
1.3771301
1.3771446
1.3771592
1.3771737
1.3771882
1.3772028
1.3772173
1.3772319
1.3772464
1.3772609
1.3772755
1.37729
1.3773046
1.3773191
1.3773336
1.3773482
1.3773627
1.3773773
1.3773918
1.3774064
1.3774209
1.3774355
1.37745
1.3774646
1.3774791
1.3774937
1.3775082
1.3775228
1.3775373
1.3775519
1.3775664
1.377581
1.3775955
1.3776101
1.3776246
1.3776392
1.3776537
1.3776683
1.3776829
1.3776974
1.377712
1.3777265
1.3777411
1.3777557
1.3777702
1.3777848
1.3777993
1.3778139
1.3778285
1.377843
1.3778576
1.3778722
1.3778867
1.3779013
1.3779159
1.3779304
1.377945
1.3779596
1.3779741
1.3779887
1.3780033
1.3780178
1.3780324
1.378047
1.3780615
1.3780761
1.3780907
1.3781053
1.3781198
1.3781344
1.378149
1.3781636
1.3781781
1.3781927
1.3782073
1.3782219
1.3782364
1.378251
1.3782656
1.3782802
1.3782948
1.3783093
1.3783239
1.3783385
1.3783531
1.3783677
1.3783823
1.3783968
1.3784114
1.378426
1.3784406
1.3784552
1.3784698
1.3784844
1.378499
1.3785135
1.3785281
1.3785427
1.3785573
1.3785719
1.3785865
1.3786011
1.3786157
1.3786303
1.3786449
1.3786595
1.3786741
1.3786887
1.3787033
1.3787179
1.3787325
1.378747
1.3787616
1.3787762
1.3787908
1.3788054
1.37882
1.3788346
1.3788493
1.3788639
1.3788785
1.3788931
1.3789077
1.3789223
1.3789369
1.3789515
1.3789661
1.3789807
1.3789953
1.3790099
1.3790245
1.3790391
1.3790537
1.3790683
1.379083
1.3790976
1.3791122
1.3791268
1.3791414
1.379156
1.3791706
1.3791853
1.3791999
1.3792145
1.3792291
1.3792437
1.3792583
1.379273
1.3792876
1.3793022
1.3793168
1.3793314
1.3793461
1.3793607
1.3793753
1.3793899
1.3794045
1.3794192
1.3794338
1.3794484
1.379463
1.3794777
1.3794923
1.3795069
1.3795216
1.3795362
1.3795508
1.3795654
1.3795801
1.3795947
1.3796093
1.379624
1.3796386
1.3796532
1.3796679
1.3796825
1.3796971
1.3797118
1.3797264
1.379741
1.3797557
1.3797703
1.379785
1.3797996
1.3798142
1.3798289
1.3798435
1.3798582
1.3798728
1.3798874
1.3799021
1.3799167
1.3799314
1.379946
1.3799607
1.3799753
1.3799899
1.3800046
1.3800192
1.3800339
1.3800485
1.3800632
1.3800778
1.3800925
1.3801071
1.3801218
1.3801364
1.3801511
1.3801657
1.3801804
1.3801951
1.3802097
1.3802244
1.380239
1.3802537
1.3802683
1.380283
1.3802976
1.3803123
1.380327
1.3803416
1.3803563
1.3803709
1.3803856
1.3804003
1.3804149
1.3804296
1.3804443
1.3804589
1.3804736
1.3804882
1.3805029
1.3805176
1.3805322
1.3805469
1.3805616
1.3805763
1.3805909
1.3806056
1.3806203
1.3806349
1.3806496
1.3806643
1.3806789
1.3806936
1.3807083
1.380723
1.3807376
1.3807523
1.380767
1.3807817
1.3807963
1.380811
1.3808257
1.3808404
1.3808551
1.3808697
1.3808844
1.3808991
1.3809138
1.3809285
1.3809432
1.3809578
1.3809725
1.3809872
1.3810019
1.3810166
1.3810313
1.3810459
1.3810606
1.3810753
1.38109
1.3811047
1.3811194
1.3811341
1.3811488
1.3811635
1.3811782
1.3811928
1.3812075
1.3812222
1.3812369
1.3812516
1.3812663
1.381281
1.3812957
1.3813104
1.3813251
1.3813398
1.3813545
1.3813692
1.3813839
1.3813986
1.3814133
1.381428
1.3814427
1.3814574
1.3814721
1.3814868
1.3815015
1.3815162
1.3815309
1.3815456
1.3815603
1.381575
1.3815898
1.3816045
1.3816192
1.3816339
1.3816486
1.3816633
1.381678
1.3816927
1.3817074
1.3817221
1.3817369
1.3817516
1.3817663
1.381781
1.3817957
1.3818104
1.3818252
1.3818399
1.3818546
1.3818693
1.381884
1.3818987
1.3819135
1.3819282
1.3819429
1.3819576
1.3819724
1.3819871
1.3820018
1.3820165
1.3820312
1.382046
1.3820607
1.3820754
1.3820902
1.3821049
1.3821196
1.3821343
1.3821491
1.3821638
1.3821785
1.3821933
1.382208
1.3822227
1.3822375
1.3822522
1.3822669
1.3822817
1.3822964
1.3823111
1.3823259
1.3823406
1.3823553
1.3823701
1.3823848
1.3823995
1.3824143
1.382429
1.3824438
1.3824585
1.3824733
1.382488
1.3825027
1.3825175
1.3825322
1.382547
1.3825617
1.3825765
1.3825912
1.382606
1.3826207
1.3826354
1.3826502
1.3826649
1.3826797
1.3826944
1.3827092
1.3827239
1.3827387
1.3827535
1.3827682
1.382783
1.3827977
1.3828125
1.3828272
1.382842
1.3828567
1.3828715
1.3828863
1.382901
1.3829158
1.3829305
1.3829453
1.38296
1.3829748
1.3829896
1.3830043
1.3830191
1.3830339
1.3830486
1.3830634
1.3830782
1.3830929
1.3831077
1.3831225
1.3831372
1.383152
1.3831668
1.3831815
1.3831963
1.3832111
1.3832258
1.3832406
1.3832554
1.3832701
1.3832849
1.3832997
1.3833145
1.3833292
1.383344
1.3833588
1.3833736
1.3833883
1.3834031
1.3834179
1.3834327
1.3834475
1.3834622
1.383477
1.3834918
1.3835066
1.3835214
1.3835362
1.3835509
1.3835657
1.3835805
1.3835953
1.3836101
1.3836249
1.3836396
1.3836544
1.3836692
1.383684
1.3836988
1.3837136
1.3837284
1.3837432
1.383758
1.3837728
1.3837875
1.3838023
1.3838171
1.3838319
1.3838467
1.3838615
1.3838763
1.3838911
1.3839059
1.3839207
1.3839355
1.3839503
1.3839651
1.3839799
1.3839947
1.3840095
1.3840243
1.3840391
1.3840539
1.3840687
1.3840835
1.3840983
1.3841131
1.3841279
1.3841427
1.3841575
1.3841723
1.3841871
1.384202
1.3842168
1.3842316
1.3842464
1.3842612
1.384276
1.3842908
1.3843056
1.3843204
1.3843353
1.3843501
1.3843649
1.3843797
1.3843945
1.3844093
1.3844241
1.384439
1.3844538
1.3844686
1.3844834
1.3844982
1.3845131
1.3845279
1.3845427
1.3845575
1.3845723
1.3845872
1.384602
1.3846168
1.3846316
1.3846465
1.3846613
1.3846761
1.3846909
1.3847058
1.3847206
1.3847354
1.3847502
1.3847651
1.3847799
1.3847947
1.3848096
1.3848244
1.3848392
1.384854
1.3848689
1.3848837
1.3848985
1.3849134
1.3849282
1.384943
1.3849579
1.3849727
1.3849876
1.3850024
1.3850172
1.3850321
1.3850469
1.3850617
1.3850766
1.3850914
1.3851063
1.3851211
1.3851359
1.3851508
1.3851656
1.3851805
1.3851953
1.3852102
1.385225
1.3852398
1.3852547
1.3852695
1.3852844
1.3852992
1.3853141
1.3853289
1.3853438
1.3853586
1.3853734
1.3853883
1.3854031
1.385418
1.3854328
1.3854477
1.3854625
1.3854774
1.3854922
1.3855071
1.3855219
1.3855368
1.3855516
1.3855665
1.3855813
1.3855962
1.385611
1.3856259
1.3856407
1.3856556
1.3856704
1.3856853
1.3857001
1.385715
1.3857298
1.3857447
1.3857595
1.3857744
1.3857892
1.3858041
1.3858189
1.3858338
1.3858486
1.3858634
1.3858783
1.3858931
1.385908
1.3859228
1.3859377
1.3859525
1.3859674
1.3859822
1.385997
1.3860119
1.3860267
1.3860416
1.3860564
1.3860712
1.3860861
1.3861009
1.3861157
1.3861306
1.3861454
1.3861602
1.3861751
1.3861899
1.3862047
1.3862195
1.3862343
1.3862492
1.386264
1.3862788
1.3862936
1.3863084
1.3863232
1.386338
1.3863528
1.3863676
1.3863824
1.3863972
1.386412
1.3864268
1.3864415
1.3864563
1.3864711
1.3864859
1.3865006
1.3865154
1.3865301
1.3865449
1.3865596
1.3865744
1.3865891
1.3866038
1.3866185
1.3866332
1.3866479
1.3866626
1.3866773
1.386692
1.3867067
1.3867214
1.386736
1.3867507
1.3867653
1.3867799
1.3867945
1.3868091
1.3868237
1.3868383
1.3868529
1.3868674
1.386882
1.3868965
1.386911
1.3869255
1.38694
1.3869545
1.3869689
1.3869834
1.3869978
1.3870122
1.3870265
1.3870409
1.3870552
1.3870695
1.3870838
1.3870981
1.3871123
1.3871265
1.3871407
1.3871549
1.387169
1.3871831
1.3871971
1.3872112
1.3872251
1.3872391
1.387253
1.3872669
1.3872807
1.3872945
1.3873083
1.387322
1.3873356
1.3873492
1.3873628
1.3873763
1.3873897
1.3874031
1.3874164
1.3874297
1.3874429
1.387456
1.3874691
1.3874821
1.387495
1.3875078
1.3875206
1.3875332
1.3875458
1.3875583
1.3875707
1.3875829
1.3875951
1.3876072
1.3876191
1.387631
1.3876427
1.3876543
1.3876657
1.3876771
1.3876882
1.3876993
1.3877101
1.3877209
1.3877314
1.3877418
1.387752
1.387762
1.3877718
1.3877814
1.3877908
1.3878
1.387809
1.3878177
1.3878262
1.3878344
1.3878423
1.38785
1.3878574
1.3878645
1.3878713
1.3878777
1.3878839
1.3878896
1.387895
1.3879001
1.3879047
1.387909
1.3879128
1.3879162
1.3879191
1.3879215
1.3879235
1.3879249
1.3879258
1.3879262
1.387926
1.3879251
1.3879237
1.3879216
1.3879188
1.3879154
1.3879112
1.3879062
1.3879005
1.387894
1.3878866
1.3878783
1.3878691
1.3878589
1.3878478
1.3878356
1.3878223
1.387808
1.3877925
1.3877757
1.3877578
1.3877385
1.3877179
1.3876958
1.3876723
1.3876473
1.3876208
1.3875925
1.3875626
1.3875309
1.3874973
1.3874619
1.3874244
1.3873849
1.3873432
1.3872993
1.3872531
1.3872044
1.3871532
1.3870995
1.387043
1.3869837
1.3869214
1.3868561
1.3867876
1.3867159
1.3866407
1.386562
1.3864795
1.3863932
1.3863029
1.3862085
1.3861097
1.3860065
1.3858986
1.3857858
1.385668
1.3855449
1.3854164
1.3852822
1.3851422
1.384996
1.3848434
1.3846843
1.3845182
1.3843451
1.3841644
1.3839761
1.3837797
1.383575
1.3833617
1.3831393
1.3829075
1.382666
1.3824144
1.3821522
1.3818791
1.3815946
1.3812983
1.3809897
1.3806684
1.3803337
1.3799853
1.3796225
1.3792448
1.3788515
1.3784422
1.3780161
1.3775726
1.377111
1.3766306
1.3761306
1.3756103
1.3750689
1.3745055
1.3739193
1.3733093
1.3726746
1.3720143
1.3713274
1.3706127
1.3698692
1.3690958
1.3682912
1.3674543
1.3665838
1.3656783
1.3647365
1.3637568
1.362738
1.3616783
1.3605761
1.3594299
1.3582378
1.3569981
1.3557088
1.3543681
1.3529738
1.3515239
1.3500161
1.3484482
1.3468179
1.3451225
1.3433597
1.3415266
1.3396207
1.3376388
1.3355781
1.3334355
1.3312077
1.3288914
1.326483
1.323979
1.3213755
1.3186686
1.3158542
1.3129282
1.309886
1.3067232
1.3034349
1.3000162
1.2964619
1.2927667
1.288925
1.2849311
1.2807789
1.2764622
1.2719745
1.267309
1.2624587
1.2574163
1.2521743
1.2467248
1.2410595
1.2351699
1.2290473
1.2226823
1.2160655
1.2091868
1.202036
1.1946023
1.1868745
1.178841
1.1704898
1.1618083
1.1527835
1.1434018
1.1336491
1.1235107
1.1129716
1.1020158
1.0906268
1.0787876
1.0664805
1.0536869
1.0403876
1.0265626
1.0121913
0.99725203
0.98172236
0.96557901
0.94879774
0.93135336
0.91321971
0.89436956
0.87477464
0.85440553
0.83323168
0.81122131
0.7883414
0.76455762
0.73983429
0.71413431
0.68741913
0.65964867
0.63078126
0.6007736
0.56958075
0.53715645
0.50345624
0.46845434
0.43221397
0.39510344
0.35826652
0.32425884
0.2972871
0.28223974
0.28249828
0.29800054
0.32527874
0.35943633
0.39631311
0.43340748
0.46961085
0.50457065
0.53822884
0.57061244
0.6017661
0.63173604
0.66056716
0.68830273
0.71498433
0.74065201
0.76534427
0.78909815
0.8119493
0.833932
0.85507924
0.87542274
0.89499303
0.91381948
0.93193033
0.94935277
0.96611295
0.982236
0.99774614
1.0126666
1.0270199
1.0408274
1.05411
1.0668875
1.0791792
1.0910035
1.1023781
1.1133202
1.1238461
1.1339716
1.1437121
1.153082
1.1620954
1.170766
1.1791067
1.1871301
1.1948481
1.2022725
1.2094143
1.2162843
1.2228928
1.2292498
1.2353647
1.2412469
1.246905
1.2523477
1.2575831
1.2626191
1.2674633
1.2721229
1.276605
1.2809162
1.2850632
1.2890521
1.2928889
1.2965794
1.3001292
1.3035436
1.3068278
1.3099867
1.313025
1.3159473
1.3187581
1.3214616
1.3240618
1.3265627
1.328968
1.3312814
1.3335064
1.3356463
1.3377044
1.3396837
1.3415873
1.343418
1.3451786
1.3468718
1.3485001
1.350066
1.3515718
1.3530199
1.3544124
1.3557515
1.3570391
1.3582773
1.3594678
1.3606126
1.3617133
1.3627717
1.3637893
1.3647676
1.3657083
1.3666126
1.367482
1.3683179
1.3691214
1.3698938
1.3706363
1.3713501
1.3720362
1.3726956
1.3733295
1.3739387
1.3745241
1.3750868
1.3756276
1.3761472
1.3766465
1.3771263
1.3775873
1.3780302
1.3784558
1.3788646
1.3792573
1.3796345
1.3799968
1.3803448
1.380679
1.3809999
1.3813081
1.381604
1.3818881
1.3821609
1.3824227
1.382674
1.3829152
1.3831466
1.3833687
1.3835818
1.3837863
1.3839823
1.3841704
1.3843508
1.3845237
1.3846896
1.3848485
1.3850008
1.3851468
1.3852867
1.3854207
1.385549
1.3856719
1.3857895
1.3859021
1.3860099
1.386113
1.3862116
1.3863059
1.3863961
1.3864823
1.3865646
1.3866432
1.3867183
1.3867899
1.3868583
1.3869235
1.3869856
1.3870448
1.3871012
1.3871549
1.387206
1.3872546
1.3873008
1.3873446
1.3873862
1.3874257
1.3874631
1.3874985
1.3875319
1.3875636
1.3875935
1.3876216
1.3876482
1.3876731
1.3876966
1.3877186
1.3877391
1.3877584
1.3877763
1.387793
1.3878085
1.3878228
1.387836
1.3878481
1.3878593
1.3878694
1.3878786
1.3878868
1.3878942
1.3879007
1.3879064
1.3879113
1.3879155
1.3879189
1.3879217
1.3879238
1.3879252
1.387926
1.3879262
1.3879258
1.3879249
1.3879234
1.3879215
1.387919
1.3879161
1.3879127
1.3879088
1.3879046
1.3878999
1.3878949
1.3878894
1.3878837
1.3878775
1.387871
1.3878643
1.3878572
1.3878498
1.3878421
1.3878341
1.3878259
1.3878174
1.3878087
1.3877997
1.3877905
1.3877811
1.3877715
1.3877617
1.3877517
1.3877415
1.3877311
1.3877205
1.3877098
1.3876989
1.3876879
1.3876767
1.3876654
1.3876539
1.3876423
1.3876306
1.3876188
1.3876068
1.3875947
1.3875825
1.3875703
1.3875579
1.3875454
1.3875328
1.3875202
1.3875074
1.3874946
1.3874817
1.3874687
1.3874556
1.3874425
1.3874293
1.387416
1.3874027
1.3873893
1.3873759
1.3873624
1.3873488
1.3873352
1.3873215
1.3873078
1.3872941
1.3872803
1.3872664
1.3872526
1.3872386
1.3872247
1.3872107
1.3871967
1.3871826
1.3871685
1.3871544
1.3871402
1.3871261
1.3871118
1.3870976
1.3870834
1.3870691
1.3870548
1.3870404
1.3870261
1.3870117
1.3869973
1.3869829
1.3869685
1.386954
1.3869395
1.3869251
1.3869106
1.386896
1.3868815
1.386867
1.3868524
1.3868378
1.3868233
1.3868087
1.3867941
1.3867794
1.3867648
1.3867502
1.3867355
1.3867209
1.3867062
1.3866915
1.3866769
1.3866622
1.3866475
1.3866328
1.3866181
1.3866033
1.3865886
1.3865739
1.3865591
1.3865444
1.3865297
1.3865149
1.3865001
1.3864854
1.3864706
1.3864558
1.3864411
1.3864263
1.3864115
1.3863967
1.3863819
1.3863671
1.3863523
1.3863375
1.3863227
1.3863079
1.3862931
1.3862783
1.3862635
1.3862487
1.3862339
1.386219
1.3862042
1.3861894
1.3861746
1.3861597
1.3861449
1.3861301
1.3861153
1.3861004
1.3860856
1.3860708
1.3860559
1.3860411
1.3860262
1.3860114
1.3859966
1.3859817
1.3859669
1.385952
1.3859372
1.3859223
1.3859075
1.3858927
1.3858778
1.385863
