1.3284361
1.3284465
1.3284568
1.3284672
1.3284776
1.328488
1.3284984
1.3285088
1.3285192
1.3285296
1.32854
1.3285504
1.3285607
1.3285711
1.3285815
1.3285919
1.3286023
1.3286127
1.3286231
1.3286335
1.3286439
1.3286543
1.3286647
1.3286751
1.3286855
1.3286959
1.3287063
1.3287167
1.3287271
1.3287375
1.3287479
1.3287583
1.3287687
1.3287791
1.3287894
1.3287998
1.3288102
1.3288206
1.328831
1.3288414
1.3288519
1.3288623
1.3288727
1.3288831
1.3288935
1.3289039
1.3289143
1.3289247
1.3289351
1.3289455
1.3289559
1.3289663
1.3289767
1.3289871
1.3289975
1.3290079
1.3290183
1.3290287
1.3290391
1.3290495
1.3290599
1.3290703
1.3290808
1.3290912
1.3291016
1.329112
1.3291224
1.3291328
1.3291432
1.3291536
1.329164
1.3291744
1.3291849
1.3291953
1.3292057
1.3292161
1.3292265
1.3292369
1.3292473
1.3292578
1.3292682
1.3292786
1.329289
1.3292994
1.3293098
1.3293202
1.3293307
1.3293411
1.3293515
1.3293619
1.3293723
1.3293827
1.3293932
1.3294036
1.329414
1.3294244
1.3294348
1.3294453
1.3294557
1.3294661
1.3294765
1.3294869
1.3294974
1.3295078
1.3295182
1.3295286
1.3295391
1.3295495
1.3295599
1.3295703
1.3295807
1.3295912
1.3296016
1.329612
1.3296224
1.3296329
1.3296433
1.3296537
1.3296642
1.3296746
1.329685
1.3296954
1.3297059
1.3297163
1.3297267
1.3297371
1.3297476
1.329758
1.3297684
1.3297789
1.3297893
1.3297997
1.3298102
1.3298206
1.329831
1.3298415
1.3298519
1.3298623
1.3298728
1.3298832
1.3298936
1.3299041
1.3299145
1.3299249
1.3299354
1.3299458
1.3299562
1.3299667
1.3299771
1.3299875
1.329998
1.3300084
1.3300189
1.3300293
1.3300397
1.3300502
1.3300606
1.3300711
1.3300815
1.3300919
1.3301024
1.3301128
1.3301233
1.3301337
1.3301441
1.3301546
1.330165
1.3301755
1.3301859
1.3301964
1.3302068
1.3302172
1.3302277
1.3302381
1.3302486
1.330259
1.3302695
1.3302799
1.3302904
1.3303008
1.3303113
1.3303217
1.3303322
1.3303426
1.330353
1.3303635
1.3303739
1.3303844
1.3303948
1.3304053
1.3304157
1.3304262
1.3304366
1.3304471
1.3304576
1.330468
1.3304785
1.3304889
1.3304994
1.3305098
1.3305203
1.3305307
1.3305412
1.3305516
1.3305621
1.3305725
1.330583
1.3305935
1.3306039
1.3306144
1.3306248
1.3306353
1.3306457
1.3306562
1.3306667
1.3306771
1.3306876
1.330698
1.3307085
1.330719
1.3307294
1.3307399
1.3307503
1.3307608
1.3307713
1.3307817
1.3307922
1.3308026
1.3308131
1.3308236
1.330834
1.3308445
1.330855
1.3308654
1.3308759
1.3308864
1.3308968
1.3309073
1.3309178
1.3309282
1.3309387
1.3309492
1.3309596
1.3309701
1.3309806
1.330991
1.3310015
1.331012
1.3310224
1.3310329
1.3310434
1.3310539
1.3310643
1.3310748
1.3310853
1.3310957
1.3311062
1.3311167
1.3311272
1.3311376
1.3311481
1.3311586
1.3311691
1.3311795
1.33119
1.3312005
1.331211
1.3312214
1.3312319
1.3312424
1.3312529
1.3312633
1.3312738
1.3312843
1.3312948
1.3313053
1.3313157
1.3313262
1.3313367
1.3313472
1.3313577
1.3313681
1.3313786
1.3313891
1.3313996
1.3314101
1.3314205
1.331431
1.3314415
1.331452
1.3314625
1.331473
1.3314834
1.3314939
1.3315044
1.3315149
1.3315254
1.3315359
1.3315464
1.3315568
1.3315673
1.3315778
1.3315883
1.3315988
1.3316093
1.3316198
1.3316303
1.3316407
1.3316512
1.3316617
1.3316722
1.3316827
1.3316932
1.3317037
1.3317142
1.3317247
1.3317352
1.3317457
1.3317561
1.3317666
1.3317771
1.3317876
1.3317981
1.3318086
1.3318191
1.3318296
1.3318401
1.3318506
1.3318611
1.3318716
1.3318821
1.3318926
1.3319031
1.3319136
1.3319241
1.3319346
1.3319451
1.3319556
1.3319661
1.3319766
1.3319871
1.3319976
1.3320081
1.3320186
1.3320291
1.3320396
1.3320501
1.3320606
1.3320711
1.3320816
1.3320921
1.3321026
1.3321131
1.3321236
1.3321341
1.3321446
1.3321551
1.3321656
1.3321761
1.3321866
1.3321972
1.3322077
1.3322182
1.3322287
1.3322392
1.3322497
1.3322602
1.3322707
1.3322812
1.3322917
1.3323022
1.3323128
1.3323233
1.3323338
1.3323443
1.3323548
1.3323653
1.3323758
1.3323863
1.3323968
1.3324074
1.3324179
1.3324284
1.3324389
1.3324494
1.3324599
1.3324704
1.332481
1.3324915
1.332502
1.3325125
1.332523
1.3325335
1.3325441
1.3325546
1.3325651
1.3325756
1.3325861
1.3325967
1.3326072
1.3326177
1.3326282
1.3326387
1.3326493
1.3326598
1.3326703
1.3326808
1.3326914
1.3327019
1.3327124
1.3327229
1.3327334
1.332744
1.3327545
1.332765
1.3327755
1.3327861
1.3327966
1.3328071
1.3328176
1.3328282
1.3328387
1.3328492
1.3328598
1.3328703
1.3328808
1.3328913
1.3329019
1.3329124
1.3329229
1.3329335
1.332944
1.3329545
1.332965
1.3329756
1.3329861
1.3329966
1.3330072
1.3330177
1.3330282
1.3330388
1.3330493
1.3330598
1.3330704
1.3330809
1.3330914
1.333102
1.3331125
1.333123
1.3331336
1.3331441
1.3331547
1.3331652
1.3331757
1.3331863
1.3331968
1.3332073
1.3332179
1.3332284
1.333239
1.3332495
1.33326
1.3332706
1.3332811
1.3332917
1.3333022
1.3333127
1.3333233
1.3333338
1.3333444
1.3333549
1.3333654
1.333376
1.3333865
1.3333971
1.3334076
1.3334182
1.3334287
1.3334393
1.3334498
1.3334603
1.3334709
1.3334814
1.333492
1.3335025
1.3335131
1.3335236
1.3335342
1.3335447
1.3335553
1.3335658
1.3335763
1.3335869
1.3335974
1.333608
1.3336185
1.3336291
1.3336396
1.3336502
1.3336607
1.3336713
1.3336818
1.3336924
1.3337029
1.3337135
1.333724
1.3337346
1.3337451
1.3337557
1.3337662
1.3337768
1.3337873
1.3337979
1.3338084
1.3338189
1.3338295
1.33384
1.3338506
1.3338611
1.3338717
1.3338822
1.3338928
1.3339033
1.3339139
1.3339244
1.333935
1.3339455
1.3339561
1.3339666
1.3339771
1.3339877
1.3339982
1.3340088
1.3340193
1.3340299
1.3340404
1.3340509
1.3340615
1.334072
1.3340825
1.3340931
1.3341036
1.3341141
1.3341247
1.3341352
1.3341457
1.3341563
1.3341668
1.3341773
1.3341878
1.3341984
1.3342089
1.3342194
1.3342299
1.3342404
1.334251
1.3342615
1.334272
1.3342825
1.334293
1.3343035
1.334314
1.3343245
1.334335
1.3343454
1.3343559
1.3343664
1.3343769
1.3343874
1.3343978
1.3344083
1.3344188
1.3344292
1.3344397
1.3344501
1.3344605
1.334471
1.3344814
1.3344918
1.3345022
1.3345126
1.334523
1.3345334
1.3345438
1.3345542
1.3345646
1.3345749
1.3345853
1.3345956
1.3346059
1.3346162
1.3346265
1.3346368
1.3346471
1.3346574
1.3346676
1.3346779
1.3346881
1.3346983
1.3347085
1.3347187
1.3347288
1.334739
1.3347491
1.3347592
1.3347693
1.3347793
1.3347894
1.3347994
1.3348094
1.3348193
1.3348293
1.3348392
1.334849
1.3348589
1.3348687
1.3348785
1.3348882
1.3348979
1.3349076
1.3349172
1.3349268
1.3349363
1.3349458
1.3349553
1.3349646
1.334974
1.3349833
1.3349925
1.3350017
1.3350108
1.3350198
1.3350288
1.3350377
1.3350465
1.3350553
1.3350639
1.3350725
1.335081
1.3350894
1.3350977
1.3351059
1.335114
1.335122
1.3351299
1.3351377
1.3351453
1.3351528
1.3351602
1.3351674
1.3351745
1.3351814
1.3351882
1.3351948
1.3352012
1.3352075
1.3352135
1.3352194
1.335225
1.3352304
1.3352356
1.3352406
1.3352453
1.3352497
1.3352539
1.3352578
1.3352614
1.3352647
1.3352677
1.3352703
1.3352726
1.3352745
1.3352761
1.3352772
1.3352779
1.3352782
1.3352781
1.3352775
1.3352763
1.3352747
1.3352725
1.3352698
1.3352665
1.3352625
1.335258
1.3352527
1.3352468
1.3352401
1.3352327
1.3352245
1.3352155
1.3352056
1.3351948
1.335183
1.3351703
1.3351565
1.3351417
1.3351258
1.3351087
1.3350904
1.3350708
1.3350499
1.3350276
1.3350038
1.3349786
1.3349517
1.3349232
1.3348931
1.3348611
1.3348272
1.3347914
1.3347535
1.3347136
1.3346714
1.3346269
1.3345799
1.3345304
1.3344783
1.3344235
1.3343657
1.334305
1.3342411
1.334174
1.3341034
1.3340293
1.3339514
1.3338697
1.3337839
1.3336939
1.3335994
1.3335004
1.3333965
1.3332876
1.3331734
1.3330538
1.3329284
1.3327971
1.3326595
1.3325154
1.3323646
1.3322066
1.3320412
1.3318681
1.331687
1.3314974
1.331299
1.3310914
1.3308743
1.3306471
1.3304095
1.330161
1.3299012
1.3296294
1.3293452
1.3290481
1.3287375
1.3284128
1.3280733
1.3277185
1.3273476
1.3269599
1.3265548
1.3261314
1.3256889
1.3252265
1.3247434
1.3242386
1.3237111
1.32316
1.3225842
1.3219827
1.3213543
1.3206978
1.320012
1.3192957
1.3185474
1.3177657
1.3169493
1.3160966
1.3152059
1.3142756
1.3133041
1.3122893
1.3112296
1.3101228
1.308967
1.3077599
1.3064993
1.3051829
1.3038083
1.3023728
1.3008737
1.2993084
1.2976738
1.295967
1.2941848
1.2923238
1.2903806
1.2883516
1.286233
1.2840209
1.2817111
1.2792995
1.2767815
1.2741524
1.2714074
1.2685413
1.2655489
1.2624246
1.2591626
1.2557569
1.2522011
1.2484887
1.2446128
1.2405662
1.2363414
1.2319305
1.2273255
1.2225177
1.2174983
1.212258
1.2067871
1.2010754
1.1951124
1.188887
1.1823878
1.1756026
1.1685189
1.1611237
1.1534032
1.1453431
1.1369286
1.128144
1.1189732
1.1093991
1.099404
1.0889695
1.0780762
1.066704
1.0548319
1.0424379
1.029499
1.0159914
1.0018901
0.987169
0.97180087
0.95575729
0.9390086
0.92152384
0.90327068
0.88421536
0.86432266
0.8435558
0.82187638
0.79924433
0.77561781
0.75095313
0.7252047
0.69832493
0.67026412
0.64097041
0.61038963
0.57846528
0.54513833
0.51034719
0.47402779
0.43611564
0.39656375
0.3554441
0.31333808
0.27229071
0.23701343
0.21464445
0.21145206
0.2284472
0.26058426
0.30050813
0.34261051
0.38413688
0.42418787
0.46259886
0.49939895
0.53465082
0.56841914
0.6007663
0.63175209
0.66143378
0.68986624
0.71710203
0.74319149
0.76818286
0.79212233
0.81505415
0.83702074
0.85806268
0.87821889
0.89752663
0.9160216
0.93373799
0.95070856
0.96696469
0.98253643
0.99745259
1.0117407
1.0254273
1.0385376
1.0510958
1.0631253
1.0746482
1.0856858
1.0962586
1.1063862
1.1160872
1.1253796
1.1342806
1.1428067
1.1509736
1.1587965
1.1662898
1.1734673
1.1803425
1.1869279
1.1932359
1.199278
1.2050654
1.2106089
1.2159187
1.2210047
1.2258763
1.2305424
1.2350118
1.2392927
1.243393
1.2473204
1.2510821
1.2546851
1.258136
1.2614413
1.2646072
1.2676393
1.2705435
1.273325
1.275989
1.2785405
1.2809842
1.2833247
1.2855662
1.287713
1.289769
1.2917381
1.2936238
1.2954298
1.2971594
1.2988157
1.3004019
1.3019209
1.3033756
1.3047686
1.3061026
1.30738
1.3086032
1.3097744
1.310896
1.3119699
1.3129982
1.3139828
1.3149255
1.3158281
1.3166923
1.3175197
1.3183118
1.3190702
1.3197961
1.3204911
1.3211565
1.3217933
1.322403
1.3229865
1.323545
1.3240796
1.3245913
1.325081
1.3255496
1.325998
1.3264272
1.3268378
1.3272308
1.3276067
1.3279664
1.3283105
1.3286397
1.3289545
1.3292557
1.3295438
1.3298193
1.3300827
1.3303347
1.3305756
1.3308059
1.331026
1.3312365
1.3314376
1.3316299
1.3318136
1.3319891
1.3321568
1.332317
1.33247
1.3326161
1.3327557
1.3328889
1.333016
1.3331374
1.3332532
1.3333637
1.3334691
1.3335696
1.3336655
1.3337568
1.3338439
1.3339268
1.3340059
1.3340811
1.3341527
1.3342209
1.3342858
1.3343475
1.3344061
1.3344618
1.3345148
1.334565
1.3346128
1.334658
1.3347009
1.3347415
1.33478
1.3348165
1.3348509
1.3348835
1.3349142
1.3349432
1.3349705
1.3349962
1.3350204
1.3350432
1.3350645
1.3350845
1.3351032
1.3351207
1.335137
1.3351521
1.3351662
1.3351792
1.3351913
1.3352023
1.3352125
1.3352218
1.3352303
1.3352379
1.3352448
1.335251
1.3352564
1.3352612
1.3352653
1.3352688
1.3352718
1.3352741
1.3352759
1.3352772
1.3352779
1.3352782
1.3352781
1.3352775
1.3352765
1.335275
1.3352732
1.3352711
1.3352685
1.3352656
1.3352624
1.3352589
1.3352551
1.335251
1.3352467
1.335242
1.3352371
1.335232
1.3352267
1.3352211
1.3352153
1.3352093
1.3352031
1.3351968
1.3351902
1.3351835
1.3351766
1.3351696
1.3351624
1.3351551
1.3351476
1.33514
1.3351323
1.3351245
1.3351165
1.3351084
1.3351003
1.335092
1.3350836
1.3350751
1.3350666
1.3350579
1.3350492
1.3350404
1.3350315
1.3350226
1.3350135
1.3350045
1.3349953
1.3349861
1.3349768
1.3349675
1.3349581
1.3349487
1.3349392
1.3349297
1.3349201
1.3349105
1.3349009
1.3348912
1.3348815
1.3348717
1.3348619
1.3348521
1.3348422
1.3348323
1.3348224
1.3348124
1.3348024
1.3347924
1.3347824
1.3347724
1.3347623
1.3347522
1.3347421
1.3347319
1.3347218
1.3347116
1.3347014
1.3346912
1.334681
1.3346708
1.3346605
1.3346503
1.33464
1.3346297
1.3346194
1.3346091
1.3345988
1.3345884
1.3345781
1.3345677
1.3345574
1.334547
1.3345366
1.3345262
1.3345158
1.3345054
1.334495
1.3344846
1.3344742
1.3344637
1.3344533
1.3344429
1.3344324
1.334422
1.3344115
1.334401
1.3343906
1.3343801
1.3343696
1.3343591
1.3343487
1.3343382
1.3343277
1.3343172
1.3343067
1.3342962
1.3342857
1.3342752
1.3342647
1.3342542
1.3342437
