1.2693951
1.2694141
1.269433
1.2694519
1.2694709
1.2694898
1.2695088
1.2695277
1.2695466
1.2695656
1.2695845
1.2696035
1.2696224
1.2696414
1.2696603
1.2696793
1.2696982
1.2697172
1.2697361
1.2697551
1.2697741
1.269793
1.269812
1.2698309
1.2698499
1.2698689
1.2698878
1.2699068
1.2699258
1.2699448
1.2699637
1.2699827
1.2700017
1.2700207
1.2700396
1.2700586
1.2700776
1.2700966
1.2701156
1.2701345
1.2701535
1.2701725
1.2701915
1.2702105
1.2702295
1.2702485
1.2702675
1.2702865
1.2703055
1.2703245
1.2703435
1.2703625
1.2703815
1.2704005
1.2704195
1.2704385
1.2704575
1.2704765
1.2704955
1.2705145
1.2705335
1.2705525
1.2705716
1.2705906
1.2706096
1.2706286
1.2706476
1.2706667
1.2706857
1.2707047
1.2707237
1.2707428
1.2707618
1.2707808
1.2707999
1.2708189
1.2708379
1.270857
1.270876
1.270895
1.2709141
1.2709331
1.2709522
1.2709712
1.2709902
1.2710093
1.2710283
1.2710474
1.2710664
1.2710855
1.2711045
1.2711236
1.2711426
1.2711617
1.2711808
1.2711998
1.2712189
1.2712379
1.271257
1.2712761
1.2712951
1.2713142
1.2713333
1.2713523
1.2713714
1.2713905
1.2714096
1.2714286
1.2714477
1.2714668
1.2714859
1.271505
1.271524
1.2715431
1.2715622
1.2715813
1.2716004
1.2716195
1.2716386
1.2716577
1.2716767
1.2716958
1.2717149
1.271734
1.2717531
1.2717722
1.2717913
1.2718104
1.2718295
1.2718486
1.2718678
1.2718869
1.271906
1.2719251
1.2719442
1.2719633
1.2719824
1.2720015
1.2720207
1.2720398
1.2720589
1.272078
1.2720971
1.2721163
1.2721354
1.2721545
1.2721736
1.2721928
1.2722119
1.272231
1.2722502
1.2722693
1.2722884
1.2723076
1.2723267
1.2723459
1.272365
1.2723841
1.2724033
1.2724224
1.2724416
1.2724607
1.2724799
1.272499
1.2725182
1.2725373
1.2725565
1.2725756
1.2725948
1.272614
1.2726331
1.2726523
1.2726714
1.2726906
1.2727098
1.2727289
1.2727481
1.2727673
1.2727864
1.2728056
1.2728248
1.272844
1.2728631
1.2728823
1.2729015
1.2729207
1.2729399
1.272959
1.2729782
1.2729974
1.2730166
1.2730358
1.273055
1.2730742
1.2730934
1.2731126
1.2731318
1.273151
1.2731702
1.2731894
1.2732086
1.2732278
1.273247
1.2732662
1.2732854
1.2733046
1.2733238
1.273343
1.2733622
1.2733814
1.2734006
1.2734198
1.2734391
1.2734583
1.2734775
1.2734967
1.2735159
1.2735352
1.2735544
1.2735736
1.2735929
1.2736121
1.2736313
1.2736505
1.2736698
1.273689
1.2737082
1.2737275
1.2737467
1.273766
1.2737852
1.2738044
1.2738237
1.2738429
1.2738622
1.2738814
1.2739007
1.2739199
1.2739392
1.2739584
1.2739777
1.2739969
1.2740162
1.2740355
1.2740547
1.274074
1.2740932
1.2741125
1.2741318
1.274151
1.2741703
1.2741896
1.2742089
1.2742281
1.2742474
1.2742667
1.274286
1.2743052
1.2743245
1.2743438
1.2743631
1.2743824
1.2744016
1.2744209
1.2744402
1.2744595
1.2744788
1.2744981
1.2745174
1.2745367
1.274556
1.2745753
1.2745946
1.2746139
1.2746332
1.2746525
1.2746718
1.2746911
1.2747104
1.2747297
1.274749
1.2747683
1.2747876
1.2748069
1.2748262
1.2748456
1.2748649
1.2748842
1.2749035
1.2749228
1.2749422
1.2749615
1.2749808
1.2750001
1.2750195
1.2750388
1.2750581
1.2750775
1.2750968
1.2751161
1.2751355
1.2751548
1.2751741
1.2751935
1.2752128
1.2752322
1.2752515
1.2752709
1.2752902
1.2753095
1.2753289
1.2753482
1.2753676
1.275387
1.2754063
1.2754257
1.275445
1.2754644
1.2754837
1.2755031
1.2755225
1.2755418
1.2755612
1.2755806
1.2755999
1.2756193
1.2756387
1.2756581
1.2756774
1.2756968
1.2757162
1.2757356
1.2757549
1.2757743
1.2757937
1.2758131
1.2758325
1.2758519
1.2758712
1.2758906
1.27591
1.2759294
1.2759488
1.2759682
1.2759876
1.276007
1.2760264
1.2760458
1.2760652
1.2760846
1.276104
1.2761234
1.2761428
1.2761622
1.2761816
1.276201
1.2762205
1.2762399
1.2762593
1.2762787
1.2762981
1.2763175
1.276337
1.2763564
1.2763758
1.2763952
1.2764147
1.2764341
1.2764535
1.2764729
1.2764924
1.2765118
1.2765312
1.2765507
1.2765701
1.2765896
1.276609
1.2766284
1.2766479
1.2766673
1.2766868
1.2767062
1.2767257
1.2767451
1.2767646
1.276784
1.2768035
1.2768229
1.2768424
1.2768618
1.2768813
1.2769008
1.2769202
1.2769397
1.2769591
1.2769786
1.2769981
1.2770175
1.277037
1.2770565
1.277076
1.2770954
1.2771149
1.2771344
1.2771539
1.2771733
1.2771928
1.2772123
1.2772318
1.2772513
1.2772708
1.2772902
1.2773097
1.2773292
1.2773487
1.2773682
1.2773877
1.2774072
1.2774267
1.2774462
1.2774657
1.2774852
1.2775047
1.2775242
1.2775437
1.2775632
1.2775827
1.2776022
1.2776217
1.2776413
1.2776608
1.2776803
1.2776998
1.2777193
1.2777388
1.2777584
1.2777779
1.2777974
1.2778169
1.2778365
1.277856
1.2778755
1.277895
1.2779146
1.2779341
1.2779536
1.2779732
1.2779927
1.2780123
1.2780318
1.2780513
1.2780709
1.2780904
1.27811
1.2781295
1.2781491
1.2781686
1.2781882
1.2782077
1.2782273
1.2782468
1.2782664
1.2782859
1.2783055
1.2783251
1.2783446
1.2783642
1.2783837
1.2784033
1.2784229
1.2784424
1.278462
1.2784816
1.2785012
1.2785207
1.2785403
1.2785599
1.2785795
1.278599
1.2786186
1.2786382
1.2786578
1.2786774
1.278697
1.2787165
1.2787361
1.2787557
1.2787753
1.2787949
1.2788145
1.2788341
1.2788537
1.2788733
1.2788929
1.2789125
1.2789321
1.2789517
1.2789713
1.2789909
1.2790105
1.2790301
1.2790498
1.2790694
1.279089
1.2791086
1.2791282
1.2791478
1.2791674
1.2791871
1.2792067
1.2792263
1.2792459
1.2792656
1.2792852
1.2793048
1.2793245
1.2793441
1.2793637
1.2793834
1.279403
1.2794226
1.2794423
1.2794619
1.2794815
1.2795012
1.2795208
1.2795405
1.2795601
1.2795798
1.2795994
1.2796191
1.2796387
1.2796584
1.279678
1.2796977
1.2797174
1.279737
1.2797567
1.2797763
1.279796
1.2798157
1.2798353
1.279855
1.2798747
1.2798943
1.279914
1.2799337
1.2799534
1.279973
1.2799927
1.2800124
1.2800321
1.2800518
1.2800714
1.2800911
1.2801108
1.2801305
1.2801502
1.2801699
1.2801896
1.2802093
1.280229
1.2802487
1.2802683
1.280288
1.2803077
1.2803274
1.2803471
1.2803669
1.2803866
1.2804063
1.280426
1.2804457
1.2804654
1.2804851
1.2805048
1.2805245
1.2805442
1.280564
1.2805837
1.2806034
1.2806231
1.2806429
1.2806626
1.2806823
1.280702
1.2807218
1.2807415
1.2807612
1.280781
1.2808007
1.2808204
1.2808402
1.2808599
1.2808796
1.2808994
1.2809191
1.2809389
1.2809586
1.2809784
1.2809981
1.2810179
1.2810376
1.2810574
1.2810771
1.2810969
1.2811166
1.2811364
1.2811561
1.2811759
1.2811957
1.2812154
1.2812352
1.281255
1.2812747
1.2812945
1.2813143
1.281334
1.2813538
1.2813736
1.2813934
1.2814131
1.2814329
1.2814527
1.2814725
1.2814922
1.281512
1.2815318
1.2815516
1.2815714
1.2815912
1.281611
1.2816308
1.2816505
1.2816703
1.2816901
1.2817099
1.2817297
1.2817495
1.2817693
1.2817891
1.2818089
1.2818287
1.2818485
1.2818683
1.2818881
1.2819079
1.2819278
1.2819476
1.2819674
1.2819872
1.282007
1.2820268
1.2820466
1.2820664
1.2820862
1.2821061
1.2821259
1.2821457
1.2821655
1.2821853
1.2822051
1.2822249
1.2822448
1.2822646
1.2822844
1.2823042
1.282324
1.2823438
1.2823636
1.2823835
1.2824033
1.2824231
1.2824429
1.2824627
1.2824825
1.2825023
1.2825221
1.2825419
1.2825617
1.2825815
1.2826013
1.282621
1.2826408
1.2826606
1.2826803
1.2827001
1.2827198
1.2827396
1.2827593
1.282779
1.2827988
1.2828185
1.2828382
1.2828578
1.2828775
1.2828971
1.2829168
1.2829364
1.282956
1.2829756
1.2829951
1.2830146
1.2830341
1.2830536
1.2830731
1.2830925
1.2831118
1.2831312
1.2831505
1.2831697
1.2831889
1.283208
1.2832271
1.2832462
1.2832651
1.283284
1.2833028
1.2833216
1.2833402
1.2833587
1.2833772
1.2833955
1.2834137
1.2834318
1.2834497
1.2834675
1.2834851
1.2835026
1.2835199
1.2835369
1.2835538
1.2835704
1.2835867
1.2836028
1.2836186
1.283634
1.2836492
1.2836639
1.2836783
1.2836922
1.2837057
1.2837187
1.2837311
1.283743
1.2837543
1.2837649
1.2837747
1.2837838
1.2837921
1.2837995
1.2838059
1.2838113
1.2838156
1.2838186
1.2838204
1.2838208
1.2838196
1.2838169
1.2838124
1.283806
1.2837977
1.2837871
1.2837742
1.2837588
1.2837407
1.2837197
1.2836955
1.283668
1.2836368
1.2836016
1.2835623
1.2835184
1.2834696
1.2834155
1.2833558
1.2832899
1.2832175
1.283138
1.2830508
1.2829554
1.2828512
1.2827375
1.2826135
1.2824785
1.2823316
1.2821719
1.2819984
1.2818101
1.2816058
1.2813844
1.2811444
1.2808845
1.2806031
1.2802986
1.2799692
1.2796131
1.2792281
1.278812
1.2783625
1.2778771
1.2773528
1.2767869
1.276176
1.2755167
1.2748054
1.274038
1.2732102
1.2723174
1.2713547
1.2703166
1.2691973
1.2679907
1.2666901
1.2652882
1.2637773
1.262149
1.2603944
1.2585036
1.2564664
1.2542715
1.2519067
1.2493591
1.2466146
1.2436582
1.2404735
1.2370432
1.2333483
1.2293686
1.2250822
1.2204656
1.2154936
1.2101388
1.2043719
1.1981614
1.1914731
1.1842706
1.1765142
1.1681617
1.1591672
1.1494815
1.1390518
1.1278208
1.1157272
1.1027049
1.0886826
1.0735837
1.0573256
1.0398194
1.0209696
1.0006729
0.97881861
0.95528718
0.92995006
0.90266879
0.87329434
0.8416662
0.80761159
0.77094447
0.73146455
0.68895616
0.6431871
0.5939074
0.54084788
0.48371965
0.42225256
0.35694631
0.29444978
0.25796763
0.27217474
0.32642074
0.39206162
0.45553343
0.51466461
0.56958925
0.62060133
0.66797939
0.71198221
0.75285015
0.79080644
0.82605841
0.85879866
0.88920602
0.91744664
0.94367481
0.96803383
0.9906568
1.0116674
1.0311803
1.0493023
1.0661324
1.0817626
1.0962784
1.109759
1.1222782
1.1339045
1.1447015
1.1547282
1.1640395
1.1726862
1.1807158
1.1881722
1.1950962
1.2015257
1.2074959
1.2130396
1.218187
1.2229665
1.2274042
1.2315245
1.2353499
1.2389015
1.2421988
1.2452598
1.2481014
1.2507393
1.2531878
1.2554606
1.2575701
1.259528
1.261345
1.2630312
1.2645959
1.2660478
1.2673948
1.2686445
1.2698038
1.2708791
1.2718764
1.2728012
1.2736588
1.2744539
1.2751909
1.275874
1.2765071
1.2770936
1.277637
1.2781402
1.2786062
1.2790376
1.2794368
1.2798062
1.2801478
1.2804637
1.2807557
1.2810254
1.2812746
1.2815045
1.2817167
1.2819123
1.2820926
1.2822586
1.2824114
1.2825518
1.2826809
1.2827993
1.2829079
1.2830073
1.2830982
1.2831812
1.2832569
1.2833258
1.2833883
1.283445
1.2834962
1.2835423
1.2835838
1.2836208
1.2836538
1.2836831
1.2837088
1.2837313
1.2837507
1.2837674
1.2837814
1.283793
1.2838024
1.2838097
1.283815
1.2838186
1.2838204
1.2838207
1.2838196
1.2838171
1.2838134
1.2838086
1.2838026
1.2837957
1.2837878
1.2837791
1.2837696
1.2837593
1.2837483
1.2837368
1.2837246
1.2837118
1.2836986
1.2836849
1.2836707
1.2836561
1.2836412
1.2836259
1.2836102
1.2835943
1.283578
1.2835616
1.2835448
1.2835279
1.2835107
1.2834933
1.2834758
1.2834581
1.2834402
1.2834222
1.283404
1.2833858
1.2833674
1.2833489
1.2833303
1.2833116
1.2832928
1.283274
1.283255
1.283236
1.283217
1.2831979
1.2831787
1.2831595
1.2831402
1.2831209
1.2831015
1.2830821
1.2830627
1.2830432
1.2830238
1.2830042
1.2829847
1.2829651
1.2829456
1.2829259
1.2829063
1.2828867
1.282867
1.2828474
1.2828277
1.282808
1.2827883
1.2827685
1.2827488
1.2827291
1.2827093
1.2826896
1.2826698
1.28265
1.2826303
1.2826105
1.2825907
1.2825709
1.2825511
1.2825313
1.2825115
1.2824917
1.2824719
1.2824521
1.2824323
1.2824125
1.2823927
1.2823729
1.2823531
1.2823333
1.2823135
1.2822937
1.2822738
1.282254
1.2822342
1.2822144
1.2821946
1.2821748
1.2821549
1.2821351
1.2821153
1.2820955
1.2820757
1.2820559
1.2820361
1.2820163
1.2819964
1.2819766
1.2819568
1.281937
1.2819172
1.2818974
1.2818776
1.2818578
1.281838
1.2818182
1.2817984
1.2817786
1.2817588
1.281739
1.2817192
1.2816994
1.2816796
1.2816598
1.28164
1.2816202
1.2816004
1.2815806
1.2815609
1.2815411
1.2815213
1.2815015
1.2814817
1.2814619
1.2814422
1.2814224
1.2814026
1.2813828
1.281363
1.2813433
1.2813235
1.2813037
1.281284
1.2812642
1.2812444
1.2812247
1.2812049
1.2811851
1.2811654
1.2811456
1.2811259
1.2811061
1.2810863
1.2810666
1.2810468
1.2810271
1.2810073
1.2809876
1.2809678
1.2809481
1.2809284
1.2809086
1.2808889
1.2808691
1.2808494
1.2808296
1.2808099
1.2807902
1.2807704
1.2807507
1.280731
1.2807113
1.2806915
1.2806718
1.2806521
1.2806323
1.2806126
1.2805929
1.2805732
1.2805535
1.2805338
1.280514
1.2804943
1.2804746
1.2804549
1.2804352
1.2804155
1.2803958
1.2803761
1.2803564
1.2803367
1.280317
1.2802973
1.2802776
1.2802579
1.2802382
1.2802185
1.2801988
1.2801791
1.2801594
1.2801397
1.28012
1.2801003
1.2800806
1.280061
1.2800413
1.2800216
1.2800019
1.2799822
1.2799626
1.2799429
1.2799232
1.2799035
1.2798839
1.2798642
1.2798445
1.2798249
1.2798052
1.2797855
1.2797659
1.2797462
1.2797265
1.2797069
1.2796872
1.2796676
1.2796479
1.2796283
1.2796086
1.279589
1.2795693
1.2795497
1.27953
1.2795104
1.2794907
1.2794711
1.2794514
1.2794318
1.2794122
1.2793925
1.2793729
1.2793533
1.2793336
1.279314
1.2792944
1.2792747
1.2792551
1.2792355
1.2792159
1.2791962
1.2791766
1.279157
1.2791374
1.2791178
1.2790981
1.2790785
1.2790589
1.2790393
1.2790197
1.2790001
1.2789805
1.2789609
1.2789413
1.2789217
1.2789021
1.2788825
1.2788629
1.2788433
1.2788237
1.2788041
1.2787845
1.2787649
1.2787453
1.2787257
1.2787061
1.2786865
1.2786669
1.2786474
1.2786278
1.2786082
1.2785886
1.278569
1.2785495
1.2785299
1.2785103
1.2784907
1.2784712
1.2784516
1.278432
1.2784125
1.2783929
1.2783733
1.2783538
1.2783342
1.2783146
1.2782951
1.2782755
1.278256
1.2782364
1.2782169
1.2781973
1.2781777
1.2781582
1.2781386
1.2781191
1.2780996
1.27808
1.2780605
1.2780409
1.2780214
1.2780018
1.2779823
1.2779628
1.2779432
1.2779237
1.2779042
1.2778846
1.2778651
1.2778456
1.2778261
1.2778065
1.277787
1.2777675
1.277748
1.2777284
1.2777089
1.2776894
1.2776699
1.2776504
1.2776309
1.2776114
1.2775918
1.2775723
1.2775528
1.2775333
1.2775138
1.2774943
1.2774748
1.2774553
1.2774358
1.2774163
1.2773968
1.2773773
1.2773578
1.2773383
1.2773188
1.2772994
1.2772799
1.2772604
1.2772409
1.2772214
1.2772019
1.2771824
1.277163
1.2771435
1.277124
1.2771045
1.2770851
1.2770656
1.2770461
1.2770266
1.2770072
1.2769877
1.2769682
1.2769488
1.2769293
1.2769099
1.2768904
1.2768709
1.2768515
1.276832
1.2768126
1.2767931
1.2767737
1.2767542
1.2767348
1.2767153
1.2766959
1.2766764
1.276657
1.2766375
1.2766181
1.2765986
1.2765792
1.2765598
1.2765403
1.2765209
1.2765015
1.276482
1.2764626
1.2764432
1.2764237
1.2764043
1.2763849
1.2763655
1.276346
1.2763266
1.2763072
1.2762878
1.2762684
1.2762489
1.2762295
1.2762101
1.2761907
1.2761713
1.2761519
1.2761325
1.2761131
1.2760937
1.2760743
1.2760549
1.2760355
1.2760161
1.2759967
1.2759773
1.2759579
1.2759385
1.2759191
1.2758997
1.2758803
1.2758609
1.2758415
1.2758221
1.2758028
1.2757834
1.275764
1.2757446
1.2757252
1.2757059
1.2756865
1.2756671
